# y node line, 224 cells, Flageul-matched conjugate channel
# solid 53 + fluid 118 + solid 53;  interfaces at y = 1.0 (index 53) and 3.0 (index 171)
# dy+ : wall 0.4900  centre 4.8650  solid outer 8.382  (growth 1.05612)
0
0.056253981361096828
0.10951861787352646
0.15995276377544343
0.20770683175377813
0.25292324154317691
0.29573684467266137
0.33627532664118676
0.37465958772153296
0.41100410352822025
0.4454172664247934
0.47800170878867199
0.50885460909765967
0.53806798175097104
0.56572895148912683
0.59192001323113463
0.61671927810388572
0.64020070639751048
0.66243432814145531
0.68348645195911217
0.7034198628238828
0.7222940093064576
0.74016518087174554
0.75708667575421962
0.77310895991234185
0.78827981753612653
0.80264449355670942
0.81624582858293815
0.82912438666741128
0.84131857628301221
0.85286476487073204
0.8637973873004039
0.87414904856781872
0.88395062103450006
0.89323133650014419
0.90201887338231646
0.91033943926340577
0.91821784905102255
0.9256775989849404
0.93274093671129921
0.93942892763305386
0.9457615177345513
0.95175759306759944
0.95743503607643832
0.96281077892959344
0.96790085401766701
0.97272044176766903
0.97728391591648767
0.98160488637852084
0.98569623983531585
0.98957017816826887
0.99323825484900596
0.99671140939597347
1
1.0032885906040265
1.0067761452700008
1.0104739410240933
1.0143937970425543
1.0185480881348719
1.0229497567621784
1.027612323276317
1.0325498940306863
1.0377771669779952
1.0433094343327034
1.0491625818375572
1.0553530841347616
1.0618979957036321
1.0688149367887836
1.0761220737070358
1.0838380928883922
1.0919821679779806
1.1005739193033481
1.1096333649967012
1.1191808630565765
1.1292370436402224
1.1398227308990421
1.1509588537073367
1.1626663446919507
1.1749660270499467
1.1878784887457867
1.2014239438111578
1.2156220806317879
1.2304918972981174
1.2460515243216925
1.2623180352769978
1.2793072462184418
1.297033505042513
1.3155094723123084
1.3347458954308058
1.3547513784335683
1.3755321500624074
1.3970918331682955
1.4194312188620828
1.4425480491712217
1.466436812254285
1.4910885544561894
1.5164907136390535
1.54262697828024
1.5694771767753819
1.5970172012073323
1.6252189695323493
1.654050429687079
1.6834756085335136
1.713454707839424
1.7439442486502006
1.7748972644624237
1.8062635425837175
1.8379899119870116
1.870020574874264
1.9022974780921684
1.9347607195291259
1.9673489837071156
2
2.0326510162928844
2.0652392804708741
2.0977025219078316
2.129979425125736
2.1620100880129884
2.1937364574162825
2.2251027355375763
2.2560557513497996
2.286545292160576
2.3165243914664861
2.345949570312921
2.3747810304676507
2.4029827987926677
2.4305228232246181
2.4573730217197598
2.4835092863609463
2.5089114455438106
2.533563187745715
2.5574519508287783
2.5805687811379174
2.6029081668317042
2.6244678499375924
2.6452486215664317
2.6652541045691942
2.6844905276876916
2.702966494957487
2.7206927537815582
2.7376819647230022
2.7539484756783077
2.7695081027018826
2.7843779193682119
2.7985760561888426
2.8121215112542135
2.8250339729500533
2.8373336553080493
2.849041146292663
2.8601772691009582
2.8707629563597776
2.8808191369434235
2.890366635003299
2.8994260806966521
2.9080178320220194
2.9161619071116078
2.9238779262929642
2.9311850632112164
2.9381020042963675
2.9446469158652384
2.9508374181624428
2.9566905656672966
2.9622228330220048
2.9674501059693137
2.9723876767236828
2.9770502432378216
2.9814519118651281
2.9856062029574457
2.9895260589759065
2.9932238547299992
2.9967114093959735
3
3.0032885906040265
3.0067617451509943
3.0104298218317309
3.014303760164684
3.0183951136214793
3.0227160840835126
3.0272795582323311
3.032099145982333
3.0371892210704066
3.0425649639235619
3.0482424069324008
3.0542384822654487
3.0605710723669461
3.0672590632887009
3.0743224010150598
3.0817821509489773
3.0896605607365943
3.0979811266176833
3.1067686634998557
3.1160493789655002
3.1258509514321813
3.1362026126995959
3.1471352351292681
3.1586814237169878
3.1708756133325888
3.1837541714170619
3.1973555064432908
3.2117201824638735
3.2268910400876583
3.2429133242457802
3.2598348191282547
3.2777059906935424
3.2965801371761172
3.3165135480408878
3.3375656718585445
3.3597992936024896
3.3832807218961145
3.4080799867688656
3.4342710485108734
3.461932018249029
3.4911453909023402
3.5219982912113279
3.5545827335752067
3.5889958964717796
3.6253404122784669
3.6637246733588134
3.7042631553273386
3.747076758456823
3.7922931682462218
3.8400472362245566
3.8904813821264734
3.9437460186389033
4
