# Flageul, Benhamadouche, Lamballais & Laurence, IJHFF 55 (2015) 34-44,
# figure 5a, the isoQ (green x) case.  Re_tau = 149, Pr = 0.71.
# Digitised by digitize_flageul.py and cross-validated against the same
# series in panel 5b: max 0.209, rms 0.048 in <T'^2>.
# y+   <T'^2>/T_tau^2
0.448194 4.27812
0.45044 4.27812
0.452698 4.25721
0.454968 4.25831
0.457248 4.25941
0.45954 4.26051
0.461844 4.26161
0.464159 4.26271
0.466486 4.26381
0.468824 4.26491
0.471174 4.26601
0.473536 4.26711
0.47591 4.26821
0.478295 4.26932
0.480693 4.27042
0.483102 4.27152
0.485524 4.27262
0.487958 4.27372
0.490404 4.27427
0.492862 4.27427
0.495333 4.27812
0.497815 4.27812
0.500311 4.27922
0.502819 4.28032
0.505339 4.28142
0.507872 4.28252
0.510418 4.28362
0.512977 4.28472
0.515548 4.28582
0.518132 4.28692
0.52073 4.28803
0.52334 4.28913
0.525963 4.29023
0.5286 4.29133
0.53125 4.29243
0.533913 4.29353
0.536589 4.29463
0.539279 4.29573
0.541982 4.30431
0.898073 4.28582
0.902575 4.28582
0.907099 4.28582
0.911646 4.28582
0.916216 4.28582
0.920809 4.28582
0.925424 4.28582
0.930063 4.28582
0.934725 4.28582
0.939411 4.28582
0.94412 4.28582
0.948852 4.28582
0.953609 4.28582
0.958389 4.28582
0.963193 4.28582
0.968021 4.28582
0.972874 4.28582
0.97775 4.28582
0.982652 4.28582
0.987577 4.28582
0.992528 4.28582
0.997503 4.28582
1.0025 4.28582
1.00753 4.28582
1.01258 4.28582
1.01765 4.28582
1.02276 4.28582
1.02788 4.28582
1.03304 4.28582
1.03821 4.28582
1.04342 4.28582
1.04865 4.28582
1.0539 4.28582
1.05919 4.28582
1.0645 4.28582
1.06983 4.28582
1.0752 4.28582
1.08059 4.28582
1.086 4.28582
1.3465 4.30123
1.35325 4.30123
1.36004 4.30123
1.36685 4.30123
1.37371 4.30123
1.38059 4.30123
1.38751 4.30123
1.39447 4.30123
1.40146 4.30123
1.40848 4.30123
1.41554 4.30123
1.42264 4.30123
1.42977 4.30123
1.43694 4.30123
1.44414 4.30123
1.45138 4.30123
1.45865 4.30123
1.46597 4.30123
1.47331 4.30123
1.4807 4.30508
1.48812 4.30123
1.49558 4.30123
1.50308 4.30123
1.51061 4.30123
1.51818 4.30123
1.5258 4.30123
1.53344 4.30123
1.54113 4.30123
1.54886 4.30123
1.55662 4.30123
1.56442 4.30123
1.57226 4.30123
1.58015 4.30123
1.58807 4.30123
1.59603 4.30123
1.60403 4.30123
1.61207 4.30123
1.62015 4.30123
1.62827 4.30123
1.79952 4.29815
1.80854 4.30674
1.81761 4.30784
1.82672 4.30894
1.83588 4.31004
1.84508 4.31114
1.85433 4.31224
1.86362 4.31334
1.87297 4.31444
1.88235 4.31554
1.89179 4.31664
1.90127 4.31774
1.9108 4.31884
1.92038 4.31994
1.93001 4.32104
1.93968 4.32214
1.94941 4.32324
1.95918 4.32435
1.969 4.32435
1.97887 4.3282
1.98879 4.3282
1.99876 4.32875
2.00878 4.32985
2.01885 4.33095
2.02897 4.33205
2.03914 4.33315
2.04936 4.33425
2.05963 4.33535
2.06996 4.33645
2.08033 4.33755
2.09076 4.33865
2.10124 4.33975
2.11177 4.34085
2.12236 4.34195
2.133 4.34306
2.14369 4.34416
2.15443 4.34526
2.16523 4.34636
2.17609 4.37314
2.2536 4.35901
2.2649 4.35901
2.27625 4.35901
2.28766 4.35901
2.29913 4.35901
2.31065 4.35901
2.32224 4.35901
2.33388 4.35901
2.34558 4.35901
2.35733 4.35901
2.36915 4.35901
2.38103 4.35901
2.39296 4.35901
2.40496 4.35901
2.41701 4.35901
2.42913 4.35901
2.44131 4.35901
2.45354 4.35901
2.46584 4.35901
2.4782 4.35901
2.49063 4.35901
2.50311 4.35901
2.51566 4.35901
2.52827 4.35901
2.54094 4.35901
2.55368 4.35901
2.56648 4.35901
2.57934 4.35901
2.59227 4.35901
2.60527 4.35901
2.61833 4.35901
2.63145 4.35901
2.64464 4.35901
2.6579 4.35901
2.67122 4.35901
2.68461 4.35901
2.69807 4.37904
2.71159 4.37413
2.72519 4.3817
2.73885 4.38928
2.75258 4.39038
2.76637 4.39148
2.78024 4.39258
2.79418 4.39368
2.80818 4.39478
2.82226 4.39588
2.83641 4.39698
2.85063 4.39808
2.86492 4.39919
2.87928 4.40029
2.89371 4.40139
2.90821 4.40249
2.92279 4.40359
2.93744 4.40469
2.95217 4.40524
2.96697 4.40524
2.98184 4.40909
2.99679 4.40909
3.01181 4.41019
3.02691 4.41129
3.04208 4.41239
3.05733 4.41349
3.07265 4.41459
3.08806 4.41569
3.10354 4.4168
3.11909 4.4179
3.13473 4.419
3.15044 4.46131
3.16623 4.46361
3.1821 4.45311
3.19806 4.45311
3.21409 4.45311
3.2302 4.45311
3.24639 4.44524
3.26266 4.44222
3.27902 4.47733
3.29545 4.47623
3.31197 4.47513
3.32858 4.47403
3.34526 4.47293
3.36203 4.47182
3.37888 4.47072
3.39582 4.46962
3.41284 4.46852
3.42995 4.46742
3.44714 4.46687
3.46442 4.46687
3.48179 4.46302
3.49924 4.46302
3.51678 4.46192
3.53441 4.46082
3.55213 4.45972
3.56993 4.45862
3.58783 4.45752
3.60581 4.50668
3.62389 4.52234
3.64205 4.50154
3.66031 4.48668
3.67866 4.48668
3.6971 4.48668
3.71563 4.48668
3.73426 4.48668
3.75298 4.48668
3.77179 4.48668
3.79069 4.46687
3.8097 4.48123
3.82879 4.53016
3.84799 4.53126
3.86727 4.53236
3.88666 4.53346
3.90614 4.53456
3.92572 4.53566
3.9454 4.53621
3.96518 4.53621
3.98505 4.54006
4.00503 4.54006
4.02511 4.54116
4.04528 4.54226
4.06556 4.58821
4.08594 4.61068
4.10642 4.61068
4.12701 4.59344
4.14769 4.59344
4.16849 4.59344
4.18938 4.59344
4.21038 4.59344
4.23149 4.59344
4.2527 4.59344
4.27402 4.59344
4.29544 4.58747
4.31697 4.57228
4.33861 4.57228
4.36036 4.59609
4.38222 4.62701
4.40418 4.62591
4.42626 4.62481
4.44845 4.62481
4.47075 4.62096
4.49316 4.62096
4.51568 4.65562
4.53832 4.67103
4.56106 4.68721
4.58393 4.67664
4.60691 4.66274
4.63 4.66214
4.65321 4.66155
4.67653 4.66096
4.69998 4.66037
4.72353 4.65977
4.74721 4.65918
4.77101 4.65859
4.79492 4.65799
4.81896 4.6574
4.84312 4.63952
4.86739 4.63881
4.89179 4.65562
4.91631 4.68028
4.94096 4.71726
4.96572 4.77889
4.99062 4.78428
5.01563 4.78659
5.04077 4.81125
5.06604 4.79109
5.09144 4.78304
5.11696 4.78245
5.14261 4.78185
5.16839 4.78126
5.19429 4.78067
5.22033 4.78008
5.2465 4.77948
5.2728 4.77889
5.29923 4.7783
5.32579 4.77771
5.35249 4.77711
5.37932 4.76418
5.40629 4.75424
5.43339 4.7932
5.46062 4.84104
5.48799 4.89959
5.5155 4.90216
5.54315 4.88535
5.57094 4.87371
5.59886 4.87312
5.62693 4.87253
5.65514 4.87193
5.68348 4.87134
5.71197 4.87075
5.7406 4.87016
5.76938 4.86956
5.7983 4.86897
5.82737 4.86838
5.85658 4.86778
5.88593 4.86719
5.91544 4.90821
5.94509 4.92197
5.97489 4.92197
6.00484 4.94127
6.03494 4.95544
6.06519 5.00539
6.0956 5.00385
6.12615 5.00231
6.15686 5.00077
6.18772 4.99923
6.21874 4.99769
6.24991 4.99615
6.28124 4.99461
6.31273 4.99307
6.34437 4.99153
6.37618 5.04533
6.40814 5.06454
6.44026 5.06157
6.47254 5.05834
6.50499 5.05547
6.5376 5.05239
6.57037 5.04972
6.6033 5.09476
6.6364 5.12327
6.66967 5.12173
6.7031 5.12018
6.7367 5.11864
6.77047 5.1171
6.80441 5.11556
6.83852 5.16795
6.8728 5.18567
6.90725 5.20069
6.94187 5.19954
6.97667 5.19906
7.01164 5.19847
7.04679 5.19547
7.08211 5.19106
7.11761 5.18914
7.15329 5.20621
7.18915 5.25462
7.22519 5.25334
7.2614 5.25205
7.2978 5.25077
7.33439 5.29362
7.37115 5.30912
7.4081 5.30776
7.44523 5.30614
7.48256 5.30387
7.52006 5.30277
7.55776 5.30337
7.59564 5.30123
7.63372 5.2996
7.67198 5.29824
7.71044 5.31385
7.74909 5.35552
7.78794 5.38033
7.82697 5.41469
7.86621 5.41428
7.90564 5.41388
7.94527 5.41347
7.9851 5.41018
8.02512 5.40871
8.06535 5.40967
8.10578 5.41063
8.14641 5.41108
8.18725 5.41104
8.22829 5.41063
8.26953 5.44838
8.31099 5.52003
8.35265 5.54417
8.39452 5.54417
8.4366 5.54417
8.47889 5.54342
8.52139 5.5416
8.5641 5.54314
8.60703 5.54468
8.65018 5.54622
8.69354 5.54477
8.73712 5.54417
8.78091 5.59955
8.82493 5.6131
8.86917 5.62903
8.91362 5.67136
8.9583 5.67095
9.00321 5.67043
9.04834 5.66968
9.0937 5.67065
9.13928 5.67161
9.18509 5.67257
9.23114 5.66958
9.27741 5.71623
9.32391 5.72773
9.37065 5.72681
9.41762 5.72589
9.46483 5.75915
9.51228 5.78043
9.55996 5.77953
9.60788 5.77838
9.65604 5.77889
9.70444 5.7794
9.75309 5.797
9.80198 5.81927
9.85111 5.81799
9.90049 5.81671
9.95012 5.81542
10 5.81414
10.0501 5.84322
10.1005 5.85988
10.1511 5.85527
10.202 5.85527
10.2532 5.87577
10.3046 5.90447
10.3562 5.90003
10.4081 5.89746
10.4603 5.89489
10.5127 5.89233
10.5654 5.88976
10.6184 5.91586
10.6716 5.95047
10.7251 5.94755
10.7789 5.98896
10.8329 5.99829
10.8872 5.99331
10.9418 5.99047
10.9966 5.98763
11.0518 5.98479
11.1071 5.98196
11.1628 5.97912
11.2188 6.00433
11.275 6.06613
11.3315 6.10291
11.3883 6.09197
11.4454 6.08588
11.5028 6.08271
11.5605 6.07953
11.6184 6.07636
11.6766 6.07319
11.7352 6.07002
11.794 6.09733
11.8531 6.16371
11.9125 6.16275
11.9723 6.15794
12.0323 6.15064
12.0926 6.14861
12.1532 6.14658
12.2141 6.14455
12.2753 6.14253
12.3369 6.16234
12.3987 6.16894
12.4609 6.19686
12.5233 6.21315
12.5861 6.21315
12.6492 6.20724
12.7126 6.20416
12.7763 6.20521
12.8404 6.21011
12.9047 6.22342
12.9694 6.22342
13.0344 6.23288
13.0998 6.25924
13.1654 6.25809
13.2314 6.26079
13.2978 6.25599
13.3644 6.25984
13.4314 6.27446
13.4987 6.26876
13.5664 6.26935
13.6344 6.27007
13.7028 6.2861
13.7714 6.29693
13.8405 6.29588
13.9099 6.29093
13.9796 6.29784
14.0497 6.30631
14.1201 6.31448
14.1909 6.30745
14.262 6.29946
14.3335 6.31062
14.4053 6.3151
14.4775 6.32069
14.5501 6.32928
14.6231 6.33142
14.6964 6.32429
14.77 6.32036
14.8441 6.33236
14.9185 6.32776
14.9932 6.34129
15.0684 6.34508
15.1439 6.34561
15.2199 6.34191
15.2961 6.34284
15.3728 6.33575
15.4499 6.32743
15.5273 6.34017
15.6052 6.35714
15.6834 6.33697
15.762 6.34549
15.841 6.34204
15.9204 6.34515
16.0002 6.35509
16.0804 6.34592
16.161 6.33827
16.242 6.34949
16.3235 6.36521
16.4053 6.35754
16.4875 6.35311
16.5702 6.34684
16.6532 6.34819
16.7367 6.35724
16.8206 6.3474
16.9049 6.33539
16.9897 6.32157
17.0748 6.32558
17.1604 6.32681
17.2464 6.33085
17.3329 6.34253
17.4198 6.33353
17.5071 6.33342
17.5948 6.31844
17.683 6.31789
17.7717 6.3114
17.8608 6.31555
17.9503 6.31427
18.0403 6.30945
18.1307 6.30528
18.2216 6.28802
18.3129 6.26876
18.4047 6.26997
18.497 6.28377
18.5897 6.3026
18.6829 6.26506
18.7765 6.25713
18.8707 6.27283
18.9653 6.25616
19.0603 6.25446
19.1559 6.25582
19.2519 6.23754
19.3484 6.23214
19.4454 6.23984
19.5429 6.25039
19.6408 6.23305
19.7393 6.19029
19.8382 6.19481
19.9377 6.2093
20.0376 6.17976
20.138 6.18661
20.239 6.17762
20.3404 6.18207
20.4424 6.15408
20.5449 6.16179
20.6479 6.1528
20.7514 6.12509
20.8554 6.12943
20.9599 6.13405
21.065 6.14975
21.1706 6.16371
21.2767 6.11797
21.3834 6.10482
21.4906 6.10684
21.5983 6.10324
21.7065 6.0858
21.8154 6.06549
21.9247 6.06703
22.0346 6.04764
22.1451 6.01506
22.2561 6.00455
22.3676 6.00035
22.4798 6.0196
22.5924 6.0277
22.7057 5.98669
22.8195 5.98669
22.9339 5.9197
23.0489 5.91397
23.1644 5.92503
23.2805 5.94671
23.3972 5.93051
23.5145 5.91397
23.6324 5.86289
23.7508 5.89503
23.8699 5.8849
23.9895 5.88654
24.1098 5.89331
24.2306 5.84384
24.3521 5.83856
24.4742 5.78653
24.5968 5.78962
24.7201 5.79549
24.8441 5.79488
24.9686 5.81394
25.0938 5.77876
25.2195 5.70642
25.346 5.69132
25.473 5.69687
25.6007 5.69815
25.729 5.73421
25.858 5.69325
25.9876 5.69464
26.1179 5.66326
26.2488 5.65139
26.3804 5.62487
26.5126 5.68028
26.6455 5.59417
26.7791 5.58868
26.9133 5.5379
27.0482 5.55071
27.1838 5.58012
27.3201 5.58737
27.457 5.5125
27.5947 5.47272
27.733 5.43127
27.872 5.43066
28.0117 5.45204
28.1521 5.42173
28.2933 5.47544
28.4351 5.43374
28.5776 5.36656
28.7209 5.3289
28.8648 5.33945
29.0095 5.33122
29.1549 5.40238
29.3011 5.3462
29.448 5.26455
29.5956 5.26215
29.7439 5.27311
29.893 5.24044
30.0429 5.4209
30.1935 5.35092
30.3448 5.17533
30.4969 5.1919
30.6498 5.18091
30.8034 5.14519
30.9579 5.26939
31.113 5.25886
31.269 5.0783
31.4257 5.07504
31.5833 5.05683
31.7416 5.0556
31.9007 5.09806
32.0606 5.12913
32.2213 4.95724
32.3828 4.97853
32.5452 4.94164
32.7083 4.94284
32.8723 4.95272
33.037 4.9905
33.2026 4.97214
33.3691 4.89534
33.5363 4.90718
33.7045 4.88835
33.8734 4.90656
34.0432 4.81445
34.2139 4.77819
34.3854 4.78629
34.5577 4.8027
34.7309 4.7908
34.905 4.83025
35.08 4.75
35.2559 4.67334
35.4326 4.66558
35.6102 4.6717
35.7887 4.6659
35.9681 4.71866
36.1484 4.64022
36.3296 4.55784
36.5117 4.54746
36.6947 4.56446
36.8787 4.56738
37.0635 4.66473
37.2493 4.60747
37.436 4.53043
37.6237 4.47072
37.8123 4.45666
38.0018 4.45596
38.1923 4.43477
38.3838 4.42322
38.5762 4.39283
38.7696 4.38064
38.9639 4.37119
39.1592 4.35617
39.3555 4.32627
39.5528 4.31874
39.751 4.16598
39.9503 4.27381
40.1506 4.30088
40.3518 4.27106
40.5541 4.25693
40.7574 4.31407
40.9617 4.198
41.167 4.14004
41.3734 4.16416
41.5808 4.17432
41.7892 4.13421
41.9987 4.15229
42.2092 4.05727
42.4208 4.03795
42.6334 4.05994
42.8471 4.05309
43.0619 4.07547
43.2778 4.12124
43.4947 4.02949
43.7127 3.8906
43.9319 3.92822
44.1521 3.92958
44.3734 3.95019
44.5958 4.09804
44.8194 3.89676
45.044 3.75327
45.2698 3.82756
45.4968 3.82472
45.7248 3.83276
45.954 3.86088
46.1844 3.8407
46.4159 3.68105
46.6486 3.70961
46.8824 3.72287
47.1174 3.71364
47.3536 3.74758
47.591 3.8775
47.8295 3.7063
48.0693 3.62542
48.3102 3.61214
48.5524 3.59923
48.7958 3.59502
49.0404 3.72856
49.2862 3.60676
49.5333 3.48716
49.7815 3.50986
50.0311 3.50835
50.2819 3.4993
50.5339 3.50315
50.7872 3.55943
51.0418 3.26599
51.2977 3.39297
51.5548 3.39503
51.8132 3.39137
52.073 3.39109
52.334 3.52054
52.5963 3.36903
52.86 3.23463
53.125 3.28428
53.3913 3.26978
53.6589 3.28274
53.9279 3.27518
54.1982 3.28428
54.4699 3.1485
54.7429 3.17408
55.0173 3.16953
55.2931 3.16911
55.5703 3.18702
55.8488 3.25261
56.1288 3.26117
56.4101 3.06471
56.6929 3.04661
56.9771 3.02748
57.2627 3.04729
57.5497 3.06279
57.8382 3.13106
58.1282 3.10709
58.4195 2.98652
58.7124 2.94723
59.0067 2.92624
59.3025 2.9446
59.5997 2.95651
59.8985 2.97697
60.1987 2.96745
60.5005 2.88367
60.8038 2.85285
61.1086 2.83377
61.4149 2.83677
61.7227 2.82512
62.0321 2.83359
62.3431 2.87442
62.6556 2.74801
62.9697 2.73193
63.2853 2.71578
63.6025 2.71385
63.9214 2.6433
64.2418 2.6763
64.5638 2.71957
64.8874 2.66089
65.2127 2.62879
65.5396 2.61076
65.8681 2.58254
66.1983 2.54982
66.5301 2.59802
66.8636 2.64344
67.1988 2.5733
67.5357 2.53313
67.8742 2.51695
68.2144 2.48626
68.5564 2.46414
68.9 2.51387
69.2454 2.48647
69.5925 2.47111
69.9413 2.42979
70.2919 2.4282
70.6443 2.3934
70.9984 2.32811
71.3543 2.392
71.712 2.3871
72.0715 2.34731
72.4327 2.33433
72.7958 2.32327
73.1607 2.28788
73.5275 2.25963
73.896 2.28414
74.2664 2.30971
74.6387 2.28698
75.0129 2.27664
75.3889 2.24556
75.7668 2.19163
76.1466 2.15986
76.5283 2.17629
76.9119 2.16928
77.2974 2.16846
77.6849 2.17158
78.0743 2.14599
78.4657 2.08734
78.859 2.05393
79.2543 2.05085
79.6516 2.07613
80.0508 2.05085
80.4521 2.07901
80.8554 2.06002
81.2607 2.02781
81.668 1.93889
82.0774 1.96516
82.4888 1.96827
82.9023 1.96127
83.3179 1.9839
83.7356 1.95649
84.1553 1.94481
84.5771 1.86672
85.0011 1.85865
85.4272 1.84206
85.8554 1.88213
86.2858 1.86875
86.7183 1.86556
87.153 1.8282
87.5899 1.7503
88.0289 1.74712
88.4702 1.72467
88.9137 1.70151
89.3594 1.78197
89.8073 1.76048
90.2575 1.72988
90.7099 1.7053
91.1646 1.63967
91.6216 1.65678
92.0809 1.56722
92.5424 1.66221
93.0063 1.67139
93.4725 1.66063
93.9411 1.63136
94.412 1.55855
94.8852 1.55586
95.3609 1.53422
95.8389 1.5416
96.3193 1.56626
96.8021 1.57011
97.2874 1.57088
97.775 1.49923
98.2652 1.42894
98.7577 1.44629
99.2528 1.39291
99.7503 1.42198
100.25 1.48382
100.753 1.45797
101.258 1.45027
101.765 1.39163
102.276 1.36413
102.788 1.3567
103.304 1.29575
103.821 1.34733
104.342 1.37991
104.865 1.37041
105.39 1.33196
105.919 1.25401
106.45 1.27735
106.983 1.26742
107.52 1.24884
108.059 1.28582
108.6 1.27658
109.145 1.28619
109.692 1.18918
110.242 1.18961
110.794 1.20262
111.35 1.16564
111.908 1.17334
112.469 1.23938
113.032 1.19992
113.599 1.17078
114.168 1.09459
114.741 1.10901
115.316 1.09784
115.894 1.07897
116.475 1.13867
117.059 1.13928
117.646 1.13165
118.235 1.039
118.828 1.01541
119.424 1.04285
120.022 1.00539
120.624 1.06549
121.229 1.10731
121.836 1.06413
122.447 0.98935
123.061 0.955573
123.678 0.9566
124.298 0.973586
124.921 1
125.547 1.0077
126.176 1.0011
126.809 0.948896
127.444 0.940293
128.083 0.886088
128.725 0.913328
129.37 0.902157
130.019 0.994607
130.671 0.917822
131.326 0.916025
131.984 0.894893
132.646 0.880072
133.31 0.862976
133.979 0.860555
134.65 0.946841
135.325 0.954545
136.004 0.929181
136.685 0.921674
