# step time c0_staircase c0_graded c0_total c1_staircase c1_graded c1_total c2_staircase c2_graded c2_total c3_staircase c3_graded c3_total c4_staircase c4_graded c4_total mbc_staircase mbc_graded mbc_total isof_staircase isof_graded isof_total
     31000   5.5035437279069939E+01  -9.6605743219936215E+00   0.0000000000000000E+00  -9.6605743219936215E+00  -9.6707263616501535E+00   0.0000000000000000E+00  -9.6707263616501535E+00  -9.6548756268841611E+00   0.0000000000000000E+00  -9.6548756268841611E+00  -9.6923386023807261E+00   0.0000000000000000E+00  -9.6923386023807261E+00  -9.6274632410829533E+00   0.0000000000000000E+00  -9.6274632410829533E+00  -4.7598485381485833E+00  -5.0155157508326909E+00  -9.7753642889812742E+00  -9.5685142143179842E+00   0.0000000000000000E+00  -9.5685142143179842E+00
     32000   5.6173045641283821E+01  -9.6894440211836574E+00   0.0000000000000000E+00  -9.6894440211836574E+00  -9.7085272568491501E+00   0.0000000000000000E+00  -9.7085272568491501E+00  -9.6808637911219577E+00   0.0000000000000000E+00  -9.6808637911219577E+00  -9.7411104727176792E+00   0.0000000000000000E+00  -9.7411104727176792E+00  -9.6713535112997100E+00   0.0000000000000000E+00  -9.6713535112997100E+00  -4.7705327075026442E+00  -5.0423362126910476E+00  -9.8128689201936918E+00  -9.5909698797835325E+00   0.0000000000000000E+00  -9.5909698797835325E+00
     33000   5.7310654003497703E+01  -9.6823242072831359E+00   0.0000000000000000E+00  -9.6823242072831359E+00  -9.7077683253583356E+00   0.0000000000000000E+00  -9.7077683253583356E+00  -9.6711134652810173E+00   0.0000000000000000E+00  -9.6711134652810173E+00  -9.7511132347749250E+00   0.0000000000000000E+00  -9.7511132347749250E+00  -9.6610368663592379E+00   0.0000000000000000E+00  -9.6610368663592379E+00  -4.7599389495702917E+00  -5.0320968666833217E+00  -9.7920358162536125E+00  -9.6052508096723503E+00   0.0000000000000000E+00  -9.6052508096723503E+00
     34000   5.8448262365711585E+01  -9.6925241139854617E+00   0.0000000000000000E+00  -9.6925241139854617E+00  -9.7214061335305981E+00   0.0000000000000000E+00  -9.7214061335305981E+00  -9.6782243037256244E+00   0.0000000000000000E+00  -9.6782243037256244E+00  -9.7596935663032411E+00   0.0000000000000000E+00  -9.7596935663032411E+00  -9.6755767480284884E+00   0.0000000000000000E+00  -9.6755767480284884E+00  -4.7813678773555983E+00  -5.0237581340098325E+00  -9.8051260113654308E+00  -9.6203963772419581E+00   0.0000000000000000E+00  -9.6203963772419581E+00
     35000   5.9585870727925467E+01  -9.6690863161565694E+00   0.0000000000000000E+00  -9.6690863161565694E+00  -9.6988946128025688E+00   0.0000000000000000E+00  -9.6988946128025688E+00  -9.6534841156868136E+00   0.0000000000000000E+00  -9.6534841156868136E+00  -9.7498161127531322E+00   0.0000000000000000E+00  -9.7498161127531322E+00  -9.6374113041442406E+00   0.0000000000000000E+00  -9.6374113041442406E+00  -4.7525760800737489E+00  -4.9930808347072597E+00  -9.7456569147810086E+00  -9.6284199912818647E+00   0.0000000000000000E+00  -9.6284199912818647E+00
     36000   6.0723479090139350E+01  -9.6194916298520177E+00   0.0000000000000000E+00  -9.6194916298520177E+00  -9.6486412014889194E+00   0.0000000000000000E+00  -9.6486412014889194E+00  -9.6045508863559750E+00   0.0000000000000000E+00  -9.6045508863559750E+00  -9.7294552310531746E+00   0.0000000000000000E+00  -9.7294552310531746E+00  -9.5706518699425924E+00   0.0000000000000000E+00  -9.5706518699425924E+00  -4.7159332961033451E+00  -4.9199253576131818E+00  -9.6358586537165269E+00  -9.6359852442932468E+00   0.0000000000000000E+00  -9.6359852442932468E+00
     37000   6.1861087452353232E+01  -9.5684728237093779E+00   0.0000000000000000E+00  -9.5684728237093779E+00  -9.5990400111563314E+00   0.0000000000000000E+00  -9.5990400111563314E+00  -9.5498546620674905E+00   0.0000000000000000E+00  -9.5498546620674905E+00  -9.7128884972103862E+00   0.0000000000000000E+00  -9.7128884972103862E+00  -9.4827647055019906E+00   0.0000000000000000E+00  -9.4827647055019906E+00  -4.6769649264854678E+00  -4.8593348239040202E+00  -9.5362997503894888E+00  -9.6416996358715323E+00   0.0000000000000000E+00  -9.6416996358715323E+00
     38000   6.2998695814567114E+01  -9.6083534065762066E+00   0.0000000000000000E+00  -9.6083534065762066E+00  -9.6405694554904340E+00   0.0000000000000000E+00  -9.6405694554904340E+00  -9.5856018273810903E+00   0.0000000000000000E+00  -9.5856018273810903E+00  -9.7400138544521191E+00   0.0000000000000000E+00  -9.7400138544521191E+00  -9.5250401637019877E+00   0.0000000000000000E+00  -9.5250401637019877E+00  -4.7049707123846396E+00  -4.8995518681771530E+00  -9.6045225805617918E+00  -9.6541144336427163E+00   0.0000000000000000E+00  -9.6541144336427163E+00
     39000   6.4136304176780996E+01  -9.6064644505014272E+00   0.0000000000000000E+00  -9.6064644505014272E+00  -9.6396770867351655E+00   0.0000000000000000E+00  -9.6396770867351655E+00  -9.5833181405037937E+00   0.0000000000000000E+00  -9.5833181405037937E+00  -9.7435494948561754E+00   0.0000000000000000E+00  -9.7435494948561754E+00  -9.5254469305427953E+00   0.0000000000000000E+00  -9.5254469305427953E+00  -4.7150288498561315E+00  -4.8763165211744823E+00  -9.5913453710306129E+00  -9.6630042257906208E+00   0.0000000000000000E+00  -9.6630042257906208E+00
     40000   6.5273912538994878E+01  -9.6132747610158766E+00   0.0000000000000000E+00  -9.6132747610158766E+00  -9.6493149601443857E+00   0.0000000000000000E+00  -9.6493149601443857E+00  -9.5864008421127096E+00   0.0000000000000000E+00  -9.5864008421127096E+00  -9.7504363652892376E+00   0.0000000000000000E+00  -9.7504363652892376E+00  -9.5183600798002761E+00   0.0000000000000000E+00  -9.5183600798002761E+00  -4.7206690254261368E+00  -4.8705847846809638E+00  -9.5912538101071014E+00  -9.6697822875580535E+00   0.0000000000000000E+00  -9.6697822875580535E+00
     41000   6.6411520901208760E+01  -9.6714243195308338E+00   0.0000000000000000E+00  -9.6714243195308338E+00  -9.7107209782625485E+00   0.0000000000000000E+00  -9.7107209782625485E+00  -9.6407913707931154E+00   0.0000000000000000E+00  -9.6407913707931154E+00  -9.7803626992862736E+00   0.0000000000000000E+00  -9.7803626992862736E+00  -9.5858189374078631E+00   0.0000000000000000E+00  -9.5858189374078631E+00  -4.7575734600461521E+00  -4.9286409619752503E+00  -9.6862144220214024E+00  -9.6794982166239780E+00   0.0000000000000000E+00  -9.6794982166239780E+00
     42000   6.7549129263422643E+01  -9.6812255093597663E+00   0.0000000000000000E+00  -9.6812255093597663E+00  -9.7224097462538150E+00   0.0000000000000000E+00  -9.7224097462538150E+00  -9.6510783254262567E+00   0.0000000000000000E+00  -9.6510783254262567E+00  -9.7804547514497902E+00   0.0000000000000000E+00  -9.7804547514497902E+00  -9.6091794444768297E+00   0.0000000000000000E+00  -9.6091794444768297E+00  -4.7636033502624970E+00  -4.9355832638972119E+00  -9.6991866141597090E+00  -9.6858279696246008E+00   0.0000000000000000E+00  -9.6858279696246008E+00
     43000   6.8686737625636525E+01  -9.6519619513636439E+00   0.0000000000000000E+00  -9.6519619513636439E+00  -9.6942523840647858E+00   0.0000000000000000E+00  -9.6942523840647858E+00  -9.6222370043798620E+00   0.0000000000000000E+00  -9.6222370043798620E+00  -9.7626370200668635E+00   0.0000000000000000E+00  -9.7626370200668635E+00  -9.5702729839605514E+00   0.0000000000000000E+00  -9.5702729839605514E+00  -4.7449854479890927E+00  -4.8934620750991744E+00  -9.6384475230882671E+00  -9.6895583650457322E+00   0.0000000000000000E+00  -9.6895583650457322E+00
     44000   6.9824345987850407E+01  -9.6550277997820633E+00   0.0000000000000000E+00  -9.6550277997820633E+00  -9.6989220287027340E+00   0.0000000000000000E+00  -9.6989220287027340E+00  -9.6218896559735185E+00   0.0000000000000000E+00  -9.6218896559735185E+00  -9.7637991736168459E+00   0.0000000000000000E+00  -9.7637991736168459E+00  -9.5616728075980095E+00   0.0000000000000000E+00  -9.5616728075980095E+00  -4.7543143561263106E+00  -4.8878924449793155E+00  -9.6422068011056261E+00  -9.6959318836553248E+00   0.0000000000000000E+00  -9.6959318836553248E+00
     45000   7.0961954350064289E+01  -9.6956775720070478E+00   0.0000000000000000E+00  -9.6956775720070478E+00  -9.7404849215411566E+00   0.0000000000000000E+00  -9.7404849215411566E+00  -9.6596492341886808E+00   0.0000000000000000E+00  -9.6596492341886808E+00  -9.7811363605148092E+00   0.0000000000000000E+00  -9.7811363605148092E+00  -9.6142920147804460E+00   0.0000000000000000E+00  -9.6142920147804460E+00  -4.7801852532283036E+00  -4.9379154469240927E+00  -9.7181007001523962E+00  -9.7014372798169628E+00   0.0000000000000000E+00  -9.7014372798169628E+00
     46000   7.2099562712278171E+01  -9.7500477116006916E+00   0.0000000000000000E+00  -9.7500477116006916E+00  -9.7968471644821555E+00   0.0000000000000000E+00  -9.7968471644821555E+00  -9.7115579783447270E+00   0.0000000000000000E+00  -9.7115579783447270E+00  -9.8029791532215125E+00   0.0000000000000000E+00  -9.8029791532215125E+00  -9.6918168425289632E+00   0.0000000000000000E+00  -9.6918168425289632E+00  -4.8289967710501225E+00  -4.9923520590877777E+00  -9.8213488301379002E+00  -9.7089627772174669E+00   0.0000000000000000E+00  -9.7089627772174669E+00
     47000   7.3237171074492053E+01  -9.7107213442743401E+00   0.0000000000000000E+00  -9.7107213442743401E+00  -9.7565530869006096E+00   0.0000000000000000E+00  -9.7565530869006096E+00  -9.6726477875528332E+00   0.0000000000000000E+00  -9.6726477875528332E+00  -9.7750984071436342E+00   0.0000000000000000E+00  -9.7750984071436342E+00  -9.6424958586871909E+00   0.0000000000000000E+00  -9.6424958586871909E+00  -4.7836362968662147E+00  -4.9613964730675599E+00  -9.7450327699337755E+00  -9.7077720626803092E+00   0.0000000000000000E+00  -9.7077720626803092E+00
     48000   7.4374779436705936E+01  -9.7075855194248764E+00   0.0000000000000000E+00  -9.7075855194248764E+00  -9.7522215868478934E+00   0.0000000000000000E+00  -9.7522215868478934E+00  -9.6682854121427049E+00   0.0000000000000000E+00  -9.6682854121427049E+00  -9.7727790742151814E+00   0.0000000000000000E+00  -9.7727790742151814E+00  -9.6289717564659902E+00   0.0000000000000000E+00  -9.6289717564659902E+00  -4.7695354016707157E+00  -4.9601292771594245E+00  -9.7296646788301402E+00  -9.7120894900140691E+00   0.0000000000000000E+00  -9.7120894900140691E+00
     49000   7.5512387798919818E+01  -9.7206499796640227E+00   0.0000000000000000E+00  -9.7206499796640227E+00  -9.7622929358734183E+00   0.0000000000000000E+00  -9.7622929358734183E+00  -9.6820568595800847E+00   0.0000000000000000E+00  -9.6820568595800847E+00  -9.7771147281484652E+00   0.0000000000000000E+00  -9.7771147281484652E+00  -9.6499027307545244E+00   0.0000000000000000E+00  -9.6499027307545244E+00  -4.7864738346520106E+00  -4.9559234153739489E+00  -9.7423972500259595E+00  -9.7207303707890507E+00   0.0000000000000000E+00  -9.7207303707890507E+00
     50000   7.6649996161133700E+01  -9.7136739833197403E+00   0.0000000000000000E+00  -9.7136739833197403E+00  -9.7542774411815358E+00   0.0000000000000000E+00  -9.7542774411815358E+00  -9.6715256091602910E+00   0.0000000000000000E+00  -9.6715256091602910E+00  -9.7702077413916992E+00   0.0000000000000000E+00  -9.7702077413916992E+00  -9.6282935535570804E+00   0.0000000000000000E+00  -9.6282935535570804E+00  -4.7637989848293749E+00  -4.9744977787039373E+00  -9.7382967635333131E+00  -9.7194177821902645E+00   0.0000000000000000E+00  -9.7194177821902645E+00
     51000   7.7787604523347582E+01  -9.7205349091392730E+00   0.0000000000000000E+00  -9.7205349091392730E+00  -9.7596150411862599E+00   0.0000000000000000E+00  -9.7596150411862599E+00  -9.6793971198475202E+00   0.0000000000000000E+00  -9.6793971198475202E+00  -9.7729629894911625E+00   0.0000000000000000E+00  -9.7729629894911625E+00  -9.6456120249769040E+00   0.0000000000000000E+00  -9.6456120249769040E+00  -4.7612646329756556E+00  -4.9817030058825331E+00  -9.7429676388581896E+00  -9.7232348028839137E+00   0.0000000000000000E+00  -9.7232348028839137E+00
     52000   7.8925212885561464E+01  -9.6649342056101606E+00   0.0000000000000000E+00  -9.6649342056101606E+00  -9.7013772680262207E+00   0.0000000000000000E+00  -9.7013772680262207E+00  -9.6257424650896013E+00   0.0000000000000000E+00  -9.6257424650896013E+00  -9.7476244087741684E+00   0.0000000000000000E+00  -9.7476244087741684E+00  -9.5691620545129528E+00   0.0000000000000000E+00  -9.5691620545129528E+00  -4.7144566383234183E+00  -4.9110426986162494E+00  -9.6254993369396686E+00  -9.7237163844394736E+00   0.0000000000000000E+00  -9.7237163844394736E+00
     53000   8.0062821247775346E+01  -9.6427064156066944E+00   0.0000000000000000E+00  -9.6427064156066944E+00  -9.6776794295641206E+00   0.0000000000000000E+00  -9.6776794295641206E+00  -9.6029686438279835E+00   0.0000000000000000E+00  -9.6029686438279835E+00  -9.7419526658357043E+00   0.0000000000000000E+00  -9.7419526658357043E+00  -9.5320483081712784E+00   0.0000000000000000E+00  -9.5320483081712784E+00  -4.7114375694974671E+00  -4.8686169049126846E+00  -9.5800544744101508E+00  -9.7285737026239101E+00   0.0000000000000000E+00  -9.7285737026239101E+00
     54000   8.1200429609989229E+01  -9.6446661296699094E+00   0.0000000000000000E+00  -9.6446661296699094E+00  -9.6788778682937018E+00   0.0000000000000000E+00  -9.6788778682937018E+00  -9.6033340301091670E+00   0.0000000000000000E+00  -9.6033340301091670E+00  -9.7457264974139317E+00   0.0000000000000000E+00  -9.7457264974139317E+00  -9.5307667329977708E+00   0.0000000000000000E+00  -9.5307667329977708E+00  -4.7178991084839836E+00  -4.8709294376880186E+00  -9.5888285461720031E+00  -9.7308586750816932E+00   0.0000000000000000E+00  -9.7308586750816932E+00
     55000   8.2338037972203111E+01  -9.6654409759275737E+00   0.0000000000000000E+00  -9.6654409759275737E+00  -9.7005223629091315E+00   0.0000000000000000E+00  -9.7005223629091315E+00  -9.6227765399366074E+00   0.0000000000000000E+00  -9.6227765399366074E+00  -9.7582713493875328E+00   0.0000000000000000E+00  -9.7582713493875328E+00  -9.5585111093606354E+00   0.0000000000000000E+00  -9.5585111093606354E+00  -4.7410491251506874E+00  -4.8903629493686287E+00  -9.6314120745193161E+00  -9.7359853490791917E+00   0.0000000000000000E+00  -9.7359853490791917E+00
     56000   8.3475646334416993E+01  -9.6735839509559725E+00   0.0000000000000000E+00  -9.6735839509559725E+00  -9.7094651633927835E+00   0.0000000000000000E+00  -9.7094651633927835E+00  -9.6299676365758398E+00   0.0000000000000000E+00  -9.6299676365758398E+00  -9.7642897092978362E+00   0.0000000000000000E+00  -9.7642897092978362E+00  -9.5635858368559337E+00   0.0000000000000000E+00  -9.5635858368559337E+00  -4.7437442123565203E+00  -4.8931910702530264E+00  -9.6369352826095458E+00  -9.7371584025534599E+00   0.0000000000000000E+00  -9.7371584025534599E+00
     57000   8.4613254696630875E+01  -9.7536137855718241E+00   0.0000000000000000E+00  -9.7536137855718241E+00  -9.7908471089702331E+00   0.0000000000000000E+00  -9.7908471089702331E+00  -9.7071093944849558E+00   0.0000000000000000E+00  -9.7071093944849558E+00  -9.8033938032076140E+00   0.0000000000000000E+00  -9.8033938032076140E+00  -9.6644756920594777E+00   0.0000000000000000E+00  -9.6644756920594777E+00  -4.8149059894655615E+00  -4.9646940228434886E+00  -9.7796000123090501E+00  -9.7468034361002989E+00   0.0000000000000000E+00  -9.7468034361002989E+00
     58000   8.5750863058844757E+01  -9.7956535833087806E+00   0.0000000000000000E+00  -9.7956535833087806E+00  -9.8330315371032970E+00   0.0000000000000000E+00  -9.8330315371032970E+00  -9.7507395164883324E+00   0.0000000000000000E+00  -9.7507395164883324E+00  -9.8146746095788604E+00   0.0000000000000000E+00  -9.8146746095788604E+00  -9.7474551293403504E+00   0.0000000000000000E+00  -9.7474551293403504E+00  -4.8871125427472091E+00  -4.9818044453203498E+00  -9.8689169880675589E+00  -9.7517701032213004E+00   0.0000000000000000E+00  -9.7517701032213004E+00
     59000   8.6888471421058640E+01  -9.8720060678194912E+00   0.0000000000000000E+00  -9.8720060678194912E+00  -9.9123771170262653E+00   0.0000000000000000E+00  -9.9123771170262653E+00  -9.8228880350290400E+00   0.0000000000000000E+00  -9.8228880350290400E+00  -9.8414513094821618E+00   0.0000000000000000E+00  -9.8414513094821618E+00  -9.8512683246284425E+00   0.0000000000000000E+00  -9.8512683246284425E+00  -4.9752479733309682E+00  -5.0519895288740102E+00  -1.0027237502204979E+01  -9.7574524172084072E+00   0.0000000000000000E+00  -9.7574524172084072E+00
     60000   8.8026079783272522E+01  -9.8891526381607786E+00   0.0000000000000000E+00  -9.8891526381607786E+00  -9.9283948489125446E+00   0.0000000000000000E+00  -9.9283948489125446E+00  -9.8406452581172026E+00   0.0000000000000000E+00  -9.8406452581172026E+00  -9.8348678957109215E+00   0.0000000000000000E+00  -9.8348678957109215E+00  -9.8888598398989789E+00   0.0000000000000000E+00  -9.8888598398989789E+00  -4.9932516466313874E+00  -5.0690865144904791E+00  -1.0062338161121867E+01  -9.7567336019808568E+00   0.0000000000000000E+00  -9.7567336019808568E+00
     61000   8.9163688145486404E+01  -9.8453499478142348E+00   0.0000000000000000E+00  -9.8453499478142348E+00  -9.8819369041341272E+00   0.0000000000000000E+00  -9.8819369041341272E+00  -9.7972298490617344E+00   0.0000000000000000E+00  -9.7972298490617344E+00  -9.8019048791112180E+00   0.0000000000000000E+00  -9.8019048791112180E+00  -9.8258869714728068E+00   0.0000000000000000E+00  -9.8258869714728068E+00  -4.9285673694433916E+00  -5.0515132012828596E+00  -9.9800805707262512E+00  -9.7500221611242388E+00   0.0000000000000000E+00  -9.7500221611242388E+00
     62000   9.0301296507700286E+01  -9.8027477804126200E+00   0.0000000000000000E+00  -9.8027477804126200E+00  -9.8349888028861105E+00   0.0000000000000000E+00  -9.8349888028861105E+00  -9.7551009195730067E+00   0.0000000000000000E+00  -9.7551009195730067E+00  -9.7762569698524668E+00   0.0000000000000000E+00  -9.7762569698524668E+00  -9.7682291935122514E+00   0.0000000000000000E+00  -9.7682291935122514E+00  -4.8820728931275790E+00  -5.0246526210144298E+00  -9.9067255141420087E+00  -9.7476834196145408E+00   0.0000000000000000E+00  -9.7476834196145408E+00
     63000   9.1438904869914168E+01  -9.7260722231693162E+00   0.0000000000000000E+00  -9.7260722231693162E+00  -9.7511003973572574E+00   0.0000000000000000E+00  -9.7511003973572574E+00  -9.6815495971318857E+00   0.0000000000000000E+00  -9.6815495971318857E+00  -9.7405955884450837E+00   0.0000000000000000E+00  -9.7405955884450837E+00  -9.6606082648675251E+00   0.0000000000000000E+00  -9.6606082648675251E+00  -4.7990325123967432E+00  -4.9502890884214610E+00  -9.7493216008182042E+00  -9.7448489716936226E+00   0.0000000000000000E+00  -9.7448489716936226E+00
     64000   9.2576513232128050E+01  -9.6773047722559582E+00   0.0000000000000000E+00  -9.6773047722559582E+00  -9.6967155840128463E+00   0.0000000000000000E+00  -9.6967155840128463E+00  -9.6333155615676880E+00   0.0000000000000000E+00  -9.6333155615676880E+00  -9.7266642994673891E+00   0.0000000000000000E+00  -9.7266642994673891E+00  -9.5772718847895906E+00   0.0000000000000000E+00  -9.5772718847895906E+00  -4.7431207919271392E+00  -4.9004006313217126E+00  -9.6435214232488526E+00  -9.7457608108611602E+00   0.0000000000000000E+00  -9.7457608108611602E+00
     65000   9.3714121594341933E+01  -9.6599730728671549E+00   0.0000000000000000E+00  -9.6599730728671549E+00  -9.6763743925405343E+00   0.0000000000000000E+00  -9.6763743925405343E+00  -9.6156606826143971E+00   0.0000000000000000E+00  -9.6156606826143971E+00  -9.7292157082019717E+00   0.0000000000000000E+00  -9.7292157082019717E+00  -9.5433395795750986E+00   0.0000000000000000E+00  -9.5433395795750986E+00  -4.7211206339333955E+00  -4.8847461373957541E+00  -9.6058667713291506E+00  -9.7481434271074221E+00   0.0000000000000000E+00  -9.7481434271074221E+00
     66000   9.4851729956555815E+01  -9.6459400024426980E+00   0.0000000000000000E+00  -9.6459400024426980E+00  -9.6604235185059348E+00   0.0000000000000000E+00  -9.6604235185059348E+00  -9.6017338978512505E+00   0.0000000000000000E+00  -9.6017338978512505E+00  -9.7310055246238036E+00   0.0000000000000000E+00  -9.7310055246238036E+00  -9.5173920553344491E+00   0.0000000000000000E+00  -9.5173920553344491E+00  -4.7016733630289984E+00  -4.8718263593594946E+00  -9.5734997223884939E+00  -9.7495140656284143E+00   0.0000000000000000E+00  -9.7495140656284143E+00
     67000   9.5989338318769697E+01  -9.6463119396669210E+00   0.0000000000000000E+00  -9.6463119396669210E+00  -9.6606798071025377E+00   0.0000000000000000E+00  -9.6606798071025377E+00  -9.6017216382013491E+00   0.0000000000000000E+00  -9.6017216382013491E+00  -9.7369712373705450E+00   0.0000000000000000E+00  -9.7369712373705450E+00  -9.5152867014517124E+00   0.0000000000000000E+00  -9.5152867014517124E+00  -4.7045955886779991E+00  -4.8746352297340909E+00  -9.5792308184120891E+00  -9.7516717322522339E+00   0.0000000000000000E+00  -9.7516717322522339E+00
     68000   9.7126946680983579E+01  -9.6690107785429102E+00   0.0000000000000000E+00  -9.6690107785429102E+00  -9.6855206948121868E+00   0.0000000000000000E+00  -9.6855206948121868E+00  -9.6242587492371925E+00   0.0000000000000000E+00  -9.6242587492371925E+00  -9.7527886566024620E+00   0.0000000000000000E+00  -9.7527886566024620E+00  -9.5494290026053488E+00   0.0000000000000000E+00  -9.5494290026053488E+00  -4.7277003667968343E+00  -4.8985277732809980E+00  -9.6262281400778313E+00  -9.7553197275951309E+00   0.0000000000000000E+00  -9.7553197275951309E+00
     69000   9.8264555043197461E+01  -9.6626126938737329E+00   0.0000000000000000E+00  -9.6626126938737329E+00  -9.6793429921058198E+00   0.0000000000000000E+00  -9.6793429921058198E+00  -9.6210322046461432E+00   0.0000000000000000E+00  -9.6210322046461432E+00  -9.7494345163409104E+00   0.0000000000000000E+00  -9.7494345163409104E+00  -9.5548335345050166E+00   0.0000000000000000E+00  -9.5548335345050166E+00  -4.7369062557524106E+00  -4.8758041493931472E+00  -9.6127104051455579E+00  -9.7569251673973874E+00   0.0000000000000000E+00  -9.7569251673973874E+00
     70000   9.9402163405411343E+01  -9.6063529046232556E+00   0.0000000000000000E+00  -9.6063529046232556E+00  -9.6247118493577659E+00   0.0000000000000000E+00  -9.6247118493577659E+00  -9.5658565217882074E+00   0.0000000000000000E+00  -9.5658565217882074E+00  -9.7258335368531093E+00   0.0000000000000000E+00  -9.7258335368531093E+00  -9.4702290463735626E+00   0.0000000000000000E+00  -9.4702290463735626E+00  -4.6850584870344258E+00  -4.8160130931634306E+00  -9.5010715801978556E+00  -9.7520002136351316E+00   0.0000000000000000E+00  -9.7520002136351316E+00
     71000   1.0053977176762523E+02  -9.5703365108763254E+00   0.0000000000000000E+00  -9.5703365108763254E+00  -9.5900325919871339E+00   0.0000000000000000E+00  -9.5900325919871339E+00  -9.5308116815517661E+00   0.0000000000000000E+00  -9.5308116815517661E+00  -9.7161848073002375E+00   0.0000000000000000E+00  -9.7161848073002375E+00  -9.4106497947396814E+00   0.0000000000000000E+00  -9.4106497947396814E+00  -4.6464736733241754E+00  -4.7796377497655094E+00  -9.4261114230896847E+00  -9.7519826889135590E+00   0.0000000000000000E+00  -9.7519826889135590E+00
     72000   1.0167738012983911E+02  -9.5727844333253085E+00   0.0000000000000000E+00  -9.5727844333253085E+00  -9.5951844491851865E+00   0.0000000000000000E+00  -9.5951844491851865E+00  -9.5328105485640382E+00   0.0000000000000000E+00  -9.5328105485640382E+00  -9.7251876327238396E+00   0.0000000000000000E+00  -9.7251876327238396E+00  -9.4042182020900711E+00   0.0000000000000000E+00  -9.4042182020900711E+00  -4.6371003068946459E+00  -4.7856983095743324E+00  -9.4227986164689774E+00  -9.7543116082930137E+00   0.0000000000000000E+00  -9.7543116082930137E+00
     73000   1.0281498849205299E+02  -9.6226135413811047E+00   0.0000000000000000E+00  -9.6226135413811047E+00  -9.6492547483241555E+00   0.0000000000000000E+00  -9.6492547483241555E+00  -9.5800648686703180E+00   0.0000000000000000E+00  -9.5800648686703180E+00  -9.7549978571533718E+00   0.0000000000000000E+00  -9.7549978571533718E+00  -9.4617736061906168E+00   0.0000000000000000E+00  -9.4617736061906168E+00  -4.6720887850652781E+00  -4.8415300431907848E+00  -9.5136188282560639E+00  -9.7578932534543643E+00   0.0000000000000000E+00  -9.7578932534543643E+00
     74000   1.0395259685426687E+02  -9.6528534653311802E+00   0.0000000000000000E+00  -9.6528534653311802E+00  -9.6835375845840908E+00   0.0000000000000000E+00  -9.6835375845840908E+00  -9.6102822192482424E+00   0.0000000000000000E+00  -9.6102822192482424E+00  -9.7692877038924770E+00   0.0000000000000000E+00  -9.7692877038924770E+00  -9.5077560421787304E+00   0.0000000000000000E+00  -9.5077560421787304E+00  -4.6888873653304337E+00  -4.8841458638417432E+00  -9.5730332291721769E+00  -9.7594543940724652E+00   0.0000000000000000E+00  -9.7594543940724652E+00
     75000   1.0509020521648075E+02  -9.6973299792522845E+00   0.0000000000000000E+00  -9.6973299792522845E+00  -9.7326464010602631E+00   0.0000000000000000E+00  -9.7326464010602631E+00  -9.6538064149225882E+00   0.0000000000000000E+00  -9.6538064149225882E+00  -9.7866614350698278E+00   0.0000000000000000E+00  -9.7866614350698278E+00  -9.5747026138941447E+00   0.0000000000000000E+00  -9.5747026138941447E+00  -4.7280617935330493E+00  -4.9399674371481312E+00  -9.6680292306811815E+00  -9.7630656846543182E+00   0.0000000000000000E+00  -9.7630656846543182E+00
     76000   1.0622781357869464E+02  -9.7347048781144849E+00   0.0000000000000000E+00  -9.7347048781144849E+00  -9.7735265054610636E+00   0.0000000000000000E+00  -9.7735265054610636E+00  -9.6909774396922987E+00   0.0000000000000000E+00  -9.6909774396922987E+00  -9.7973652308143784E+00   0.0000000000000000E+00  -9.7973652308143784E+00  -9.6397388260206398E+00   0.0000000000000000E+00  -9.6397388260206398E+00  -4.7736488000163231E+00  -4.9742786753636601E+00  -9.7479274753799832E+00  -9.7655625670152197E+00   0.0000000000000000E+00  -9.7655625670152197E+00
     77000   1.0736542194090852E+02  -9.7349597170629814E+00   0.0000000000000000E+00  -9.7349597170629814E+00  -9.7742200409670161E+00   0.0000000000000000E+00  -9.7742200409670161E+00  -9.6937502491103320E+00   0.0000000000000000E+00  -9.6937502491103320E+00  -9.7905437514194560E+00   0.0000000000000000E+00  -9.7905437514194560E+00  -9.6489431148745375E+00   0.0000000000000000E+00  -9.6489431148745375E+00  -4.7751697629493366E+00  -4.9623792683551677E+00  -9.7375490313045034E+00  -9.7672403100956906E+00   0.0000000000000000E+00  -9.7672403100956906E+00
     78000   1.0850303030312240E+02  -9.7067099760161888E+00   0.0000000000000000E+00  -9.7067099760161888E+00  -9.7461035273473176E+00   0.0000000000000000E+00  -9.7461035273473176E+00  -9.6651375705448945E+00   0.0000000000000000E+00  -9.6651375705448945E+00  -9.7726637106842862E+00   0.0000000000000000E+00  -9.7726637106842862E+00  -9.6036590392946035E+00   0.0000000000000000E+00  -9.6036590392946035E+00  -4.7526305898608125E+00  -4.9254756182783170E+00  -9.6781062081391305E+00  -9.7642190375901379E+00   0.0000000000000000E+00  -9.7642190375901379E+00
     79000   1.0964063866533628E+02  -9.7021485860983550E+00   0.0000000000000000E+00  -9.7021485860983550E+00  -9.7409644711905212E+00   0.0000000000000000E+00  -9.7409644711905212E+00  -9.6607447790588044E+00   0.0000000000000000E+00  -9.6607447790588044E+00  -9.7692015846188909E+00   0.0000000000000000E+00  -9.7692015846188909E+00  -9.5958738074748240E+00   0.0000000000000000E+00  -9.5958738074748240E+00  -4.7405291898519568E+00  -4.9288706214102911E+00  -9.6693998112622488E+00  -9.7629937249629233E+00   0.0000000000000000E+00  -9.7629937249629233E+00
     80000   1.1077824702755017E+02  -9.7101439088456019E+00   0.0000000000000000E+00  -9.7101439088456019E+00  -9.7476468493385262E+00   0.0000000000000000E+00  -9.7476468493385262E+00  -9.6682609345825163E+00   0.0000000000000000E+00  -9.6682609345825163E+00  -9.7734067043426034E+00   0.0000000000000000E+00  -9.7734067043426034E+00  -9.6034121337184661E+00   0.0000000000000000E+00  -9.6034121337184661E+00  -4.7531026795210973E+00  -4.9249519990161259E+00  -9.6780546785372223E+00  -9.7655976724660842E+00   0.0000000000000000E+00  -9.7655976724660842E+00
     81000   1.1191585538976405E+02  -9.7460058301516916E+00   0.0000000000000000E+00  -9.7460058301516916E+00  -9.7834526407680737E+00   0.0000000000000000E+00  -9.7834526407680737E+00  -9.7025855081532608E+00   0.0000000000000000E+00  -9.7025855081532608E+00  -9.7867791261002903E+00   0.0000000000000000E+00  -9.7867791261002903E+00  -9.6559877344157012E+00   0.0000000000000000E+00  -9.6559877344157012E+00  -4.7888991237127776E+00  -4.9707456924155720E+00  -9.7596448161283504E+00  -9.7683922235441951E+00   0.0000000000000000E+00  -9.7683922235441951E+00
     82000   1.1305346375197793E+02  -9.7852784319209878E+00   0.0000000000000000E+00  -9.7852784319209878E+00  -9.8233247707383100E+00   0.0000000000000000E+00  -9.8233247707383100E+00  -9.7396803271783572E+00   0.0000000000000000E+00  -9.7396803271783572E+00  -9.8006628178127837E+00   0.0000000000000000E+00  -9.8006628178127837E+00  -9.7129200896083194E+00   0.0000000000000000E+00  -9.7129200896083194E+00  -4.8294300771334857E+00  -5.0129490910584655E+00  -9.8423791681919504E+00  -9.7710956792576642E+00   0.0000000000000000E+00  -9.7710956792576642E+00
     83000   1.1419107211419181E+02  -9.8487803963977072E+00   0.0000000000000000E+00  -9.8487803963977072E+00  -9.8869219178793770E+00   0.0000000000000000E+00  -9.8869219178793770E+00  -9.8006689233881819E+00   0.0000000000000000E+00  -9.8006689233881819E+00  -9.8244079867775493E+00   0.0000000000000000E+00  -9.8244079867775493E+00  -9.7970302681814712E+00   0.0000000000000000E+00  -9.7970302681814712E+00  -4.8615520416388307E+00  -5.0926131101529544E+00  -9.9541651517917842E+00  -9.7727077331139558E+00   0.0000000000000000E+00  -9.7727077331139558E+00
     84000   1.1532868047640569E+02  -9.8733223182681513E+00   0.0000000000000000E+00  -9.8733223182681513E+00  -9.9093212088746832E+00   0.0000000000000000E+00  -9.9093212088746832E+00  -9.8260918238261041E+00   0.0000000000000000E+00  -9.8260918238261041E+00  -9.8253660554403961E+00   0.0000000000000000E+00  -9.8253660554403961E+00  -9.8428132382734095E+00   0.0000000000000000E+00  -9.8428132382734095E+00  -4.8888652497005953E+00  -5.1062114551401256E+00  -9.9950767048407201E+00  -9.7744161801694798E+00   0.0000000000000000E+00  -9.7744161801694798E+00
     85000   1.1646628883861958E+02  -9.9390620032354757E+00   0.0000000000000000E+00  -9.9390620032354757E+00  -9.9734534962160808E+00   0.0000000000000000E+00  -9.9734534962160808E+00  -9.8891873579487353E+00   0.0000000000000000E+00  -9.8891873579487353E+00  -9.8461739592917503E+00   0.0000000000000000E+00  -9.8461739592917503E+00  -9.9308299771224249E+00   0.0000000000000000E+00  -9.9308299771224249E+00  -4.9400859774604688E+00  -5.1769082901683499E+00  -1.0116994267628819E+01  -9.7782720130118168E+00   0.0000000000000000E+00  -9.7782720130118168E+00
     86000   1.1760389720083346E+02  -9.9224649456145357E+00   0.0000000000000000E+00  -9.9224649456145357E+00  -9.9519530115541919E+00   0.0000000000000000E+00  -9.9519530115541919E+00  -9.8753389161920584E+00   0.0000000000000000E+00  -9.8753389161920584E+00  -9.8273740586734135E+00   0.0000000000000000E+00  -9.8273740586734135E+00  -9.9196547465873639E+00   0.0000000000000000E+00  -9.9196547465873639E+00  -4.9248362070400376E+00  -5.1532191326536108E+00  -1.0078055339693648E+01  -9.7761084000410481E+00   0.0000000000000000E+00  -9.7761084000410481E+00
     87000   1.1874150556304734E+02  -9.9130945585112507E+00   0.0000000000000000E+00  -9.9130945585112507E+00  -9.9367917136681108E+00   0.0000000000000000E+00  -9.9367917136681108E+00  -9.8664371847782419E+00   0.0000000000000000E+00  -9.8664371847782419E+00  -9.8120228088595152E+00   0.0000000000000000E+00  -9.8120228088595152E+00  -9.9091662021344256E+00   0.0000000000000000E+00  -9.9091662021344256E+00  -4.9208360622869147E+00  -5.1406513728450181E+00  -1.0061487435131934E+01  -9.7739433362319659E+00   0.0000000000000000E+00  -9.7739433362319659E+00
     88000   1.1987911392526122E+02  -9.8341987081277313E+00   0.0000000000000000E+00  -9.8341987081277313E+00  -9.8500932137492025E+00   0.0000000000000000E+00  -9.8500932137492025E+00  -9.7910617866898679E+00   0.0000000000000000E+00  -9.7910617866898679E+00  -9.7702798432148512E+00   0.0000000000000000E+00  -9.7702798432148512E+00  -9.8078670087324848E+00   0.0000000000000000E+00  -9.8078670087324848E+00  -4.8592968302598356E+00  -5.0539973911220040E+00  -9.9132942213818396E+00  -9.7677547744484539E+00   0.0000000000000000E+00  -9.7677547744484539E+00
     89000   1.2101672228747510E+02  -9.8169088730104086E+00   0.0000000000000000E+00  -9.8169088730104086E+00  -9.8268337747183150E+00   0.0000000000000000E+00  -9.8268337747183150E+00  -9.7725731606515698E+00   0.0000000000000000E+00  -9.7725731606515698E+00  -9.7658766190478854E+00   0.0000000000000000E+00  -9.7658766190478854E+00  -9.7742262319680080E+00   0.0000000000000000E+00  -9.7742262319680080E+00  -4.8574503501475634E+00  -5.0313122044030631E+00  -9.8887625545506275E+00  -9.7689633535140885E+00   0.0000000000000000E+00  -9.7689633535140885E+00
     90000   1.2215433064968899E+02  -9.8112543709433773E+00   0.0000000000000000E+00  -9.8112543709433773E+00  -9.8160125616222924E+00   0.0000000000000000E+00  -9.8160125616222924E+00  -9.7669199643923630E+00   0.0000000000000000E+00  -9.7669199643923630E+00  -9.7688336705295455E+00   0.0000000000000000E+00  -9.7688336705295455E+00  -9.7637123753125632E+00   0.0000000000000000E+00  -9.7637123753125632E+00  -4.8600785274456300E+00  -5.0139290049369603E+00  -9.8740075323825902E+00  -9.7713405950293204E+00   0.0000000000000000E+00  -9.7713405950293204E+00
     91000   1.2329193901190287E+02  -9.8381093915888069E+00   0.0000000000000000E+00  -9.8381093915888069E+00  -9.8402748254794687E+00   0.0000000000000000E+00  -9.8402748254794687E+00  -9.7929342160266444E+00   0.0000000000000000E+00  -9.7929342160266444E+00  -9.7849521380202908E+00   0.0000000000000000E+00  -9.7849521380202908E+00  -9.7974925565951665E+00   0.0000000000000000E+00  -9.7974925565951665E+00  -4.8839031394114336E+00  -5.0428604129734982E+00  -9.9267635523849318E+00  -9.7735808742018744E+00   0.0000000000000000E+00  -9.7735808742018744E+00
     92000   1.2442954737411675E+02  -9.8116187607618564E+00   0.0000000000000000E+00  -9.8116187607618564E+00  -9.8105824214033390E+00   0.0000000000000000E+00  -9.8105824214033390E+00  -9.7679330437890517E+00   0.0000000000000000E+00  -9.7679330437890517E+00  -9.7691640901351029E+00   0.0000000000000000E+00  -9.7691640901351029E+00  -9.7676040457331421E+00   0.0000000000000000E+00  -9.7676040457331421E+00  -4.8592138662958959E+00  -5.0259297215577687E+00  -9.8851435878536655E+00  -9.7693929328406419E+00   0.0000000000000000E+00  -9.7693929328406419E+00
     93000   1.2556715573633063E+02  -9.7769324414869239E+00   0.0000000000000000E+00  -9.7769324414869239E+00  -9.7720393271095816E+00   0.0000000000000000E+00  -9.7720393271095816E+00  -9.7358106770139354E+00   0.0000000000000000E+00  -9.7358106770139354E+00  -9.7538024981111455E+00   0.0000000000000000E+00  -9.7538024981111455E+00  -9.7223512465262711E+00   0.0000000000000000E+00  -9.7223512465262711E+00  -4.8211159654210087E+00  -4.9953198453629604E+00  -9.8164358107839682E+00  -9.7671438823591625E+00   0.0000000000000000E+00  -9.7671438823591625E+00
     94000   1.2670476409854452E+02  -9.7794296050140463E+00   0.0000000000000000E+00  -9.7794296050140463E+00  -9.7724039047866533E+00   0.0000000000000000E+00  -9.7724039047866533E+00  -9.7381878814310152E+00   0.0000000000000000E+00  -9.7381878814310152E+00  -9.7618597802411813E+00   0.0000000000000000E+00  -9.7618597802411813E+00  -9.7120385017787854E+00   0.0000000000000000E+00  -9.7120385017787854E+00  -4.8165759688664975E+00  -4.9885062992662998E+00  -9.8050822681327965E+00  -9.7694752470609867E+00   0.0000000000000000E+00  -9.7694752470609867E+00
     95000   1.2784237246075840E+02  -9.8220345961523776E+00   0.0000000000000000E+00  -9.8220345961523776E+00  -9.8158736775491420E+00   0.0000000000000000E+00  -9.8158736775491420E+00  -9.7801603132462915E+00   0.0000000000000000E+00  -9.7801603132462915E+00  -9.7829080750197406E+00   0.0000000000000000E+00  -9.7829080750197406E+00  -9.7760744764528766E+00   0.0000000000000000E+00  -9.7760744764528766E+00  -4.8637428378444589E+00  -5.0339085804085641E+00  -9.8976514182530231E+00  -9.7733883009152063E+00   0.0000000000000000E+00  -9.7733883009152063E+00
     96000   1.2897998082296004E+02  -9.8223763027854538E+00   0.0000000000000000E+00  -9.8223763027854538E+00  -9.8165878636686763E+00   0.0000000000000000E+00  -9.8165878636686763E+00  -9.7814414440502837E+00   0.0000000000000000E+00  -9.7814414440502837E+00  -9.7810210629042036E+00   0.0000000000000000E+00  -9.7810210629042036E+00  -9.7844001304630606E+00   0.0000000000000000E+00  -9.7844001304630606E+00  -4.8664033508024156E+00  -5.0440266812694734E+00  -9.9104300320718899E+00  -9.7719306774680774E+00   0.0000000000000000E+00  -9.7719306774680774E+00
     97000   1.3011758918515972E+02  -9.8169693608141433E+00   0.0000000000000000E+00  -9.8169693608141433E+00  -9.8107507622941785E+00   0.0000000000000000E+00  -9.8107507622941785E+00  -9.7766518020668425E+00   0.0000000000000000E+00  -9.7766518020668425E+00  -9.7781567215951242E+00   0.0000000000000000E+00  -9.7781567215951242E+00  -9.7726315518645404E+00   0.0000000000000000E+00  -9.7726315518645404E+00  -4.8521844077229099E+00  -5.0466824536925516E+00  -9.8988668614154616E+00  -9.7718938967609237E+00   0.0000000000000000E+00  -9.7718938967609237E+00
     98000   1.3125519754735939E+02  -9.8266432323593964E+00   0.0000000000000000E+00  -9.8266432323593964E+00  -9.8192978140562310E+00   0.0000000000000000E+00  -9.8192978140562310E+00  -9.7892962088245081E+00   0.0000000000000000E+00  -9.7892962088245081E+00  -9.7814065579849760E+00   0.0000000000000000E+00  -9.7814065579849760E+00  -9.7979245205338117E+00   0.0000000000000000E+00  -9.7979245205338117E+00  -4.8739782176627937E+00  -5.0433735105692366E+00  -9.9173517282320311E+00  -9.7746505605619234E+00   0.0000000000000000E+00  -9.7746505605619234E+00
     99000   1.3239280590955906E+02  -9.7769839501391722E+00   0.0000000000000000E+00  -9.7769839501391722E+00  -9.7696279130879500E+00   0.0000000000000000E+00  -9.7696279130879500E+00  -9.7406169083912175E+00   0.0000000000000000E+00  -9.7406169083912175E+00  -9.7597847134642564E+00   0.0000000000000000E+00  -9.7597847134642564E+00  -9.7217324101109703E+00   0.0000000000000000E+00  -9.7217324101109703E+00  -4.8208334421124004E+00  -5.0017565982986829E+00  -9.8225900404110824E+00  -9.7683455309943756E+00   0.0000000000000000E+00  -9.7683455309943756E+00
    100000   1.3353041427175873E+02  -9.7648405998504320E+00   0.0000000000000000E+00  -9.7648405998504320E+00  -9.7564256160748641E+00   0.0000000000000000E+00  -9.7564256160748641E+00  -9.7294607730427458E+00   0.0000000000000000E+00  -9.7294607730427458E+00  -9.7568073632232082E+00   0.0000000000000000E+00  -9.7568073632232082E+00  -9.7032899337644984E+00   0.0000000000000000E+00  -9.7032899337644984E+00  -4.8140806495395978E+00  -4.9845334540412951E+00  -9.7986141035808920E+00  -9.7679369759102972E+00   0.0000000000000000E+00  -9.7679369759102972E+00
    101000   1.3466802263395840E+02  -9.8061296010033026E+00   0.0000000000000000E+00  -9.8061296010033026E+00  -9.7982489728210229E+00   0.0000000000000000E+00  -9.7982489728210229E+00  -9.7690670047520189E+00   0.0000000000000000E+00  -9.7690670047520189E+00  -9.7779192952499265E+00   0.0000000000000000E+00  -9.7779192952499265E+00  -9.7568165461056786E+00   0.0000000000000000E+00  -9.7568165461056786E+00  -4.8475391467728333E+00  -5.0390277255344049E+00  -9.8865668723072382E+00  -9.7709727015117611E+00   0.0000000000000000E+00  -9.7709727015117611E+00
    102000   1.3580563099615807E+02  -9.8120259677486867E+00   0.0000000000000000E+00  -9.8120259677486867E+00  -9.8043999556389814E+00   0.0000000000000000E+00  -9.8043999556389814E+00  -9.7766875303885996E+00   0.0000000000000000E+00  -9.7766875303885996E+00  -9.7801021152749570E+00   0.0000000000000000E+00  -9.7801021152749570E+00  -9.7735956782394133E+00   0.0000000000000000E+00  -9.7735956782394133E+00  -4.8536736030359942E+00  -5.0530442958418114E+00  -9.9067178988778046E+00  -9.7726397276472703E+00   0.0000000000000000E+00  -9.7726397276472703E+00
    103000   1.3694323935835774E+02  -9.8025434147190644E+00   0.0000000000000000E+00  -9.8025434147190644E+00  -9.7955632132311390E+00   0.0000000000000000E+00  -9.7955632132311390E+00  -9.7689156750119110E+00   0.0000000000000000E+00  -9.7689156750119110E+00  -9.7733172282174348E+00   0.0000000000000000E+00  -9.7733172282174348E+00  -9.7730443921882344E+00   0.0000000000000000E+00  -9.7730443921882344E+00  -4.8548549239957248E+00  -5.0523199327713080E+00  -9.9071748567670319E+00  -9.7707036859249232E+00   0.0000000000000000E+00  -9.7707036859249232E+00
    104000   1.3808084772055741E+02  -9.8262363290003645E+00   0.0000000000000000E+00  -9.8262363290003645E+00  -9.8193097086089480E+00   0.0000000000000000E+00  -9.8193097086089480E+00  -9.7926084027560183E+00   0.0000000000000000E+00  -9.7926084027560183E+00  -9.7852332041556451E+00   0.0000000000000000E+00  -9.7852332041556451E+00  -9.8050428178456954E+00   0.0000000000000000E+00  -9.8050428178456954E+00  -4.8777260565606522E+00  -5.0748868262014266E+00  -9.9526128827620788E+00  -9.7742725619155326E+00   0.0000000000000000E+00  -9.7742725619155326E+00
    105000   1.3921845608275709E+02  -9.8336731382358415E+00   0.0000000000000000E+00  -9.8336731382358415E+00  -9.8260200774642268E+00   0.0000000000000000E+00  -9.8260200774642268E+00  -9.8020681676104378E+00   0.0000000000000000E+00  -9.8020681676104378E+00  -9.7899267426254664E+00   0.0000000000000000E+00  -9.7899267426254664E+00  -9.8174497049072187E+00   0.0000000000000000E+00  -9.8174497049072187E+00  -4.8879977881123953E+00  -5.0655738490704314E+00  -9.9535716371828258E+00  -9.7772820642284817E+00   0.0000000000000000E+00  -9.7772820642284817E+00
    106000   1.4035606444495676E+02  -9.8697969301883983E+00   0.0000000000000000E+00  -9.8697969301883983E+00  -9.8622832678486461E+00   0.0000000000000000E+00  -9.8622832678486461E+00  -9.8369732376563253E+00   0.0000000000000000E+00  -9.8369732376563253E+00  -9.8028563064847347E+00   0.0000000000000000E+00  -9.8028563064847347E+00  -9.8654302885563645E+00   0.0000000000000000E+00  -9.8654302885563645E+00  -4.9309165497145315E+00  -5.0983273038370074E+00  -1.0029243853551538E+01  -9.7786015647302875E+00   0.0000000000000000E+00  -9.7786015647302875E+00
    107000   1.4149367280715643E+02  -9.8518527858864502E+00   0.0000000000000000E+00  -9.8518527858864502E+00  -9.8442620730151695E+00   0.0000000000000000E+00  -9.8442620730151695E+00  -9.8200323637669236E+00   0.0000000000000000E+00  -9.8200323637669236E+00  -9.7883456726073437E+00   0.0000000000000000E+00  -9.7883456726073437E+00  -9.8419987966487099E+00   0.0000000000000000E+00  -9.8419987966487099E+00  -4.8852886787536187E+00  -5.1164662027077430E+00  -1.0001754881461363E+01  -9.7716549429982216E+00   0.0000000000000000E+00  -9.7716549429982216E+00
    108000   1.4263128116935610E+02  -9.8443089044193570E+00   0.0000000000000000E+00  -9.8443089044193570E+00  -9.8350536267857080E+00   0.0000000000000000E+00  -9.8350536267857080E+00  -9.8148119299350345E+00   0.0000000000000000E+00  -9.8148119299350345E+00  -9.7829524482982109E+00   0.0000000000000000E+00  -9.7829524482982109E+00  -9.8383384290762770E+00   0.0000000000000000E+00  -9.8383384290762770E+00  -4.8826129683810189E+00  -5.1013673636853856E+00  -9.9839803320664053E+00  -9.7725170120806837E+00   0.0000000000000000E+00  -9.7725170120806837E+00
    109000   1.4376888953155577E+02  -9.8475150767926998E+00   0.0000000000000000E+00  -9.8475150767926998E+00  -9.8364378831981227E+00   0.0000000000000000E+00  -9.8364378831981227E+00  -9.8184920759661782E+00   0.0000000000000000E+00  -9.8184920759661782E+00  -9.7805358962403162E+00   0.0000000000000000E+00  -9.7805358962403162E+00  -9.8449035689699116E+00   0.0000000000000000E+00  -9.8449035689699116E+00  -4.8828647180069291E+00  -5.1110725322860349E+00  -9.9939372502929640E+00  -9.7713397541424829E+00   0.0000000000000000E+00  -9.7713397541424829E+00
    110000   1.4490649789375544E+02  -9.8309515500657714E+00   0.0000000000000000E+00  -9.8309515500657714E+00  -9.8179754520483282E+00   0.0000000000000000E+00  -9.8179754520483282E+00  -9.8040609100363483E+00   0.0000000000000000E+00  -9.8040609100363483E+00  -9.7746400660677235E+00   0.0000000000000000E+00  -9.7746400660677235E+00  -9.8268201377634448E+00   0.0000000000000000E+00  -9.8268201377634448E+00  -4.8682742934988923E+00  -5.0986496462438637E+00  -9.9669239397427560E+00  -9.7716821159964962E+00   0.0000000000000000E+00  -9.7716821159964962E+00
    111000   1.4604410625595511E+02  -9.8468728165569175E+00   0.0000000000000000E+00  -9.8468728165569175E+00  -9.8323054549332696E+00   0.0000000000000000E+00  -9.8323054549332696E+00  -9.8207119679838808E+00   0.0000000000000000E+00  -9.8207119679838808E+00  -9.7844539239405002E+00   0.0000000000000000E+00  -9.7844539239405002E+00  -9.8453926886440719E+00   0.0000000000000000E+00  -9.8453926886440719E+00  -4.8901826006840121E+00  -5.1006231421118962E+00  -9.9908057427959083E+00  -9.7763108003585870E+00   0.0000000000000000E+00  -9.7763108003585870E+00
    112000   1.4718171461815479E+02  -9.8788503695509462E+00   0.0000000000000000E+00  -9.8788503695509462E+00  -9.8633673977753009E+00   0.0000000000000000E+00  -9.8633673977753009E+00  -9.8520839165267127E+00   0.0000000000000000E+00  -9.8520839165267127E+00  -9.8004053730433487E+00   0.0000000000000000E+00  -9.8004053730433487E+00  -9.8861818598889197E+00   0.0000000000000000E+00  -9.8861818598889197E+00  -4.9215423636420761E+00  -5.1241898181301373E+00  -1.0045732181772212E+01  -9.7792625479786590E+00   0.0000000000000000E+00  -9.7792625479786590E+00
    113000   1.4831932298035446E+02  -9.8875913187573996E+00   0.0000000000000000E+00  -9.8875913187573996E+00  -9.8711908539428030E+00   0.0000000000000000E+00  -9.8711908539428030E+00  -9.8610513879609645E+00   0.0000000000000000E+00  -9.8610513879609645E+00  -9.7998784306887980E+00   0.0000000000000000E+00  -9.7998784306887980E+00  -9.9000477628509209E+00   0.0000000000000000E+00  -9.9000477628509209E+00  -4.9254317247940733E+00  -5.1402427279093938E+00  -1.0065674452703467E+01  -9.7758212094170869E+00   0.0000000000000000E+00  -9.7758212094170869E+00
    114000   1.4945693134255413E+02  -9.8969775202278711E+00   0.0000000000000000E+00  -9.8969775202278711E+00  -9.8808666196591304E+00   0.0000000000000000E+00  -9.8808666196591304E+00  -9.8700428659565027E+00   0.0000000000000000E+00  -9.8700428659565027E+00  -9.8001269175864696E+00   0.0000000000000000E+00  -9.8001269175864696E+00  -9.9128664166238405E+00   0.0000000000000000E+00  -9.9128664166238405E+00  -4.9183192711199863E+00  -5.1748801699606952E+00  -1.0093199441080682E+01  -9.7726726917412527E+00   0.0000000000000000E+00  -9.7726726917412527E+00
    115000   1.5059453970475380E+02  -9.8820985448469560E+00   0.0000000000000000E+00  -9.8820985448469560E+00  -9.8631789361778957E+00   0.0000000000000000E+00  -9.8631789361778957E+00  -9.8590306760258777E+00   0.0000000000000000E+00  -9.8590306760258777E+00  -9.7885707778907367E+00   0.0000000000000000E+00  -9.7885707778907367E+00  -9.9066675668984558E+00   0.0000000000000000E+00  -9.9066675668984558E+00  -4.9096790676767110E+00  -5.1618677915420808E+00  -1.0071546859218792E+01  -9.7729661467746887E+00   0.0000000000000000E+00  -9.7729661467746887E+00
    116000   1.5173214806695347E+02  -9.8881219340447366E+00   0.0000000000000000E+00  -9.8881219340447366E+00  -9.8682999584528002E+00   0.0000000000000000E+00  -9.8682999584528002E+00  -9.8647210982183360E+00   0.0000000000000000E+00  -9.8647210982183360E+00  -9.7914554444016364E+00   0.0000000000000000E+00  -9.7914554444016364E+00  -9.9109954451049145E+00   0.0000000000000000E+00  -9.9109954451049145E+00  -4.9080132243640797E+00  -5.1780520306697992E+00  -1.0086065255033880E+01  -9.7741919024773196E+00   0.0000000000000000E+00  -9.7741919024773196E+00
    117000   1.5286975642915314E+02  -9.9455546089025297E+00   0.0000000000000000E+00  -9.9455546089025297E+00  -9.9241681080121182E+00   0.0000000000000000E+00  -9.9241681080121182E+00  -9.9229529094175497E+00   0.0000000000000000E+00  -9.9229529094175497E+00  -9.8209001521685124E+00   0.0000000000000000E+00  -9.8209001521685124E+00  -9.9952684115072099E+00   0.0000000000000000E+00  -9.9952684115072099E+00  -4.9770740439076544E+00  -5.2057943656978578E+00  -1.0182868409605511E+01  -9.7837338528549669E+00   0.0000000000000000E+00  -9.7837338528549669E+00
    118000   1.5400736479135281E+02  -1.0013080050033210E+01   0.0000000000000000E+00  -1.0013080050033210E+01  -9.9901624082897911E+00   0.0000000000000000E+00  -9.9901624082897911E+00  -9.9895532089139660E+00   0.0000000000000000E+00  -9.9895532089139660E+00  -9.8444427253242228E+00   0.0000000000000000E+00  -9.8444427253242228E+00  -1.0093401343029331E+01   0.0000000000000000E+00  -1.0093401343029331E+01  -5.0595672331666810E+00  -5.2516641879228185E+00  -1.0311231421089499E+01  -9.7883230661735201E+00   0.0000000000000000E+00  -9.7883230661735201E+00
    119000   1.5514497315355248E+02  -9.9657937361332216E+00   0.0000000000000000E+00  -9.9657937361332216E+00  -9.9404541677593024E+00   0.0000000000000000E+00  -9.9404541677593024E+00  -9.9444737041174722E+00   0.0000000000000000E+00  -9.9444737041174722E+00  -9.8118080187801375E+00   0.0000000000000000E+00  -9.8118080187801375E+00  -1.0037186996370869E+01   0.0000000000000000E+00  -1.0037186996370869E+01  -5.0154229276151803E+00  -5.2181930404793180E+00  -1.0233615968094497E+01  -9.7798230531725849E+00   0.0000000000000000E+00  -9.7798230531725849E+00
    120000   1.5628258151575216E+02  -1.0019764639013626E+01   0.0000000000000000E+00  -1.0019764639013626E+01  -9.9920718049452475E+00   0.0000000000000000E+00  -9.9920718049452475E+00  -9.9977111552391342E+00   0.0000000000000000E+00  -9.9977111552391342E+00  -9.8310902643649580E+00   0.0000000000000000E+00  -9.8310902643649580E+00  -1.0122714560182905E+01   0.0000000000000000E+00  -1.0122714560182905E+01  -5.0947805626728728E+00  -5.2614800355333671E+00  -1.0356260598206241E+01  -9.7853310743361579E+00   0.0000000000000000E+00  -9.7853310743361579E+00
    121000   1.5742018987795183E+02  -1.0011701379551022E+01   0.0000000000000000E+00  -1.0011701379551022E+01  -9.9795868991818377E+00   0.0000000000000000E+00  -9.9795868991818377E+00  -9.9916954447255435E+00   0.0000000000000000E+00  -9.9916954447255435E+00  -9.8148175492896108E+00   0.0000000000000000E+00  -9.8148175492896108E+00  -1.0130889265281709E+01   0.0000000000000000E+00  -1.0130889265281709E+01  -5.1030332695145804E+00  -5.2554328694428074E+00  -1.0358466138957388E+01  -9.7802135450247949E+00   0.0000000000000000E+00  -9.7802135450247949E+00
    122000   1.5855779824015150E+02  -9.9680381702378149E+00   0.0000000000000000E+00  -9.9680381702378149E+00  -9.9300192128340843E+00   0.0000000000000000E+00  -9.9300192128340843E+00  -9.9513072891989012E+00   0.0000000000000000E+00  -9.9513072891989012E+00  -9.7912559753351971E+00   0.0000000000000000E+00  -9.7912559753351971E+00  -1.0073656739616805E+01   0.0000000000000000E+00  -1.0073656739616805E+01  -5.0654270074984336E+00  -5.2067529266240378E+00  -1.0272179934122471E+01  -9.7781157736474640E+00   0.0000000000000000E+00  -9.7781157736474640E+00
    123000   1.5969540660235117E+02  -9.9650958983784648E+00   0.0000000000000000E+00  -9.9650958983784648E+00  -9.9219046671320452E+00   0.0000000000000000E+00  -9.9219046671320452E+00  -9.9494652400394195E+00   0.0000000000000000E+00  -9.9494652400394195E+00  -9.7900194595758876E+00   0.0000000000000000E+00  -9.7900194595758876E+00  -1.0066562431671567E+01   0.0000000000000000E+00  -1.0066562431671567E+01  -5.0758989166799520E+00  -5.1922116454852905E+00  -1.0268110562165242E+01  -9.7791688070204899E+00   0.0000000000000000E+00  -9.7791688070204899E+00
    124000   1.6083301496455084E+02  -9.8988238235005035E+00   0.0000000000000000E+00  -9.8988238235005035E+00  -9.8512374086309737E+00   0.0000000000000000E+00  -9.8512374086309737E+00  -9.8876911992313250E+00   0.0000000000000000E+00  -9.8876911992313250E+00  -9.7602974140355911E+00   0.0000000000000000E+00  -9.7602974140355911E+00  -9.9878286414182540E+00   0.0000000000000000E+00  -9.9878286414182540E+00  -5.0358994789778890E+00  -5.1154091183434760E+00  -1.0151308597321364E+01  -9.7745239712962331E+00   0.0000000000000000E+00  -9.7745239712962331E+00
    125000   1.6197062332675051E+02  -9.8307216623495268E+00   0.0000000000000000E+00  -9.8307216623495268E+00  -9.7790682023159459E+00   0.0000000000000000E+00  -9.7790682023159459E+00  -9.8212516963477778E+00   0.0000000000000000E+00  -9.8212516963477778E+00  -9.7339344714847158E+00   0.0000000000000000E+00  -9.7339344714847158E+00  -9.8848372946779470E+00   0.0000000000000000E+00  -9.8848372946779470E+00  -4.9810755099151258E+00  -5.0474604378383443E+00  -1.0028535947753470E+01  -9.7691944748928847E+00   0.0000000000000000E+00  -9.7691944748928847E+00
    126000   1.6310823168895018E+02  -9.7986302412847692E+00   0.0000000000000000E+00  -9.7986302412847692E+00  -9.7444064423630135E+00   0.0000000000000000E+00  -9.7444064423630135E+00  -9.7906615863572082E+00   0.0000000000000000E+00  -9.7906615863572082E+00  -9.7318605157088953E+00   0.0000000000000000E+00  -9.7318605157088953E+00  -9.8294496970397685E+00   0.0000000000000000E+00  -9.8294496970397685E+00  -4.9509731527585430E+00  -5.0058652719059014E+00  -9.9568384246644435E+00  -9.7696671165649924E+00   0.0000000000000000E+00  -9.7696671165649924E+00
    127000   1.6424584005114986E+02  -9.7397725253184984E+00   0.0000000000000000E+00  -9.7397725253184984E+00  -9.6842213879148744E+00   0.0000000000000000E+00  -9.6842213879148744E+00  -9.7349559170045019E+00   0.0000000000000000E+00  -9.7349559170045019E+00  -9.7144275856364573E+00   0.0000000000000000E+00  -9.7144275856364573E+00  -9.7444958962811956E+00   0.0000000000000000E+00  -9.7444958962811956E+00  -4.8988091894776833E+00  -4.9431566397762996E+00  -9.8419658292539829E+00  -9.7660032257783502E+00   0.0000000000000000E+00  -9.7660032257783502E+00
    128000   1.6538344841334953E+02  -9.7105530293068991E+00   0.0000000000000000E+00  -9.7105530293068991E+00  -9.6560951891982416E+00   0.0000000000000000E+00  -9.6560951891982416E+00  -9.7062814521995033E+00   0.0000000000000000E+00  -9.7062814521995033E+00  -9.7126601116989235E+00   0.0000000000000000E+00  -9.7126601116989235E+00  -9.6901577865169344E+00   0.0000000000000000E+00  -9.6901577865169344E+00  -4.8527707287360533E+00  -4.9305298295710775E+00  -9.7833005583071309E+00  -9.7630312359208435E+00   0.0000000000000000E+00  -9.7630312359208435E+00
    129000   1.6652105677554920E+02  -9.6907616674394195E+00   0.0000000000000000E+00  -9.6907616674394195E+00  -9.6395713188734344E+00   0.0000000000000000E+00  -9.6395713188734344E+00  -9.6875303432926536E+00   0.0000000000000000E+00  -9.6875303432926536E+00  -9.7171247716563531E+00   0.0000000000000000E+00  -9.7171247716563531E+00  -9.6525938207562305E+00   0.0000000000000000E+00  -9.6525938207562305E+00  -4.8073695987411069E+00  -4.9360520511723838E+00  -9.7434216499134898E+00  -9.7616715575235382E+00   0.0000000000000000E+00  -9.7616715575235382E+00
    130000   1.6765866513774887E+02  -9.6557940108399638E+00   0.0000000000000000E+00  -9.6557940108399638E+00  -9.6073279959744262E+00   0.0000000000000000E+00  -9.6073279959744262E+00  -9.6563389848401595E+00   0.0000000000000000E+00  -9.6563389848401595E+00  -9.7122228723013837E+00   0.0000000000000000E+00  -9.7122228723013837E+00  -9.6084474352272320E+00   0.0000000000000000E+00  -9.6084474352272320E+00  -4.7786765485956000E+00  -4.8892693123835471E+00  -9.6679458609791471E+00  -9.7634497450658326E+00   0.0000000000000000E+00  -9.7634497450658326E+00
    131000   1.6879627349994854E+02  -9.6256288615249677E+00   0.0000000000000000E+00  -9.6256288615249677E+00  -9.5825679295702013E+00   0.0000000000000000E+00  -9.5825679295702013E+00  -9.6271119689858029E+00   0.0000000000000000E+00  -9.6271119689858029E+00  -9.7094771799979451E+00   0.0000000000000000E+00  -9.7094771799979451E+00  -9.5555335570617945E+00   0.0000000000000000E+00  -9.5555335570617945E+00  -4.7362870644148716E+00  -4.8726011814811709E+00  -9.6088882458960434E+00  -9.7627163309191864E+00   0.0000000000000000E+00  -9.7627163309191864E+00
    132000   1.6993388186214821E+02  -9.5685528646838343E+00   0.0000000000000000E+00  -9.5685528646838343E+00  -9.5292434667501400E+00   0.0000000000000000E+00  -9.5292434667501400E+00  -9.5748442019012625E+00   0.0000000000000000E+00  -9.5748442019012625E+00  -9.6915972137229929E+00   0.0000000000000000E+00  -9.6915972137229929E+00  -9.4846250746274574E+00   0.0000000000000000E+00  -9.4846250746274574E+00  -4.6878128667374783E+00  -4.8076211624957965E+00  -9.4954340292332748E+00  -9.7597427246392048E+00   0.0000000000000000E+00  -9.7597427246392048E+00
    133000   1.7107149022434788E+02  -9.5019670606704256E+00   0.0000000000000000E+00  -9.5019670606704256E+00  -9.4681139123694997E+00   0.0000000000000000E+00  -9.4681139123694997E+00  -9.5105379965234675E+00   0.0000000000000000E+00  -9.5105379965234675E+00  -9.6745952883542810E+00   0.0000000000000000E+00  -9.6745952883542810E+00  -9.3831339173706638E+00   0.0000000000000000E+00  -9.3831339173706638E+00  -4.6264704741848153E+00  -4.7372250151248974E+00  -9.3636954893097126E+00  -9.7571116822293202E+00   0.0000000000000000E+00  -9.7571116822293202E+00
    134000   1.7220909858654755E+02  -9.4972999642987297E+00   0.0000000000000000E+00  -9.4972999642987297E+00  -9.4711962249326476E+00   0.0000000000000000E+00  -9.4711962249326476E+00  -9.5050896228405382E+00   0.0000000000000000E+00  -9.5050896228405382E+00  -9.6890076437163231E+00   0.0000000000000000E+00  -9.6890076437163231E+00  -9.3583730900732185E+00   0.0000000000000000E+00  -9.3583730900732185E+00  -4.6201571494458271E+00  -4.7217200339886238E+00  -9.3418771834344518E+00  -9.7596732344950681E+00   0.0000000000000000E+00  -9.7596732344950681E+00
    135000   1.7334670694874723E+02  -9.5188954758666107E+00   0.0000000000000000E+00  -9.5188954758666107E+00  -9.5013360185447588E+00   0.0000000000000000E+00  -9.5013360185447588E+00  -9.5268095470741390E+00   0.0000000000000000E+00  -9.5268095470741390E+00  -9.7140389477937816E+00   0.0000000000000000E+00  -9.7140389477937816E+00  -9.3796058498918455E+00   0.0000000000000000E+00  -9.3796058498918455E+00  -4.6361357738716444E+00  -4.7372420943689324E+00  -9.3733778682405777E+00  -9.7644482990767898E+00   0.0000000000000000E+00  -9.7644482990767898E+00
    136000   1.7448431531094690E+02  -9.5987172336786397E+00   0.0000000000000000E+00  -9.5987172336786397E+00  -9.5918895055619817E+00   0.0000000000000000E+00  -9.5918895055619817E+00  -9.6042618001851690E+00   0.0000000000000000E+00  -9.6042618001851690E+00  -9.7586106802306460E+00   0.0000000000000000E+00  -9.7586106802306460E+00  -9.4856085696185204E+00   0.0000000000000000E+00  -9.4856085696185204E+00  -4.7082421409610431E+00  -4.8202346687104676E+00  -9.5284768096715098E+00  -9.7703473161295555E+00   0.0000000000000000E+00  -9.7703473161295555E+00
    137000   1.7562192367314657E+02  -9.6200346661339857E+00   0.0000000000000000E+00  -9.6200346661339857E+00  -9.6213569484120995E+00   0.0000000000000000E+00  -9.6213569484120995E+00  -9.6283517052545502E+00   0.0000000000000000E+00  -9.6283517052545502E+00  -9.7661237189511585E+00   0.0000000000000000E+00  -9.7661237189511585E+00  -9.5324951419626895E+00   0.0000000000000000E+00  -9.5324951419626895E+00  -4.7350647303184923E+00  -4.8300417348976428E+00  -9.5651064652161359E+00  -9.7712503077913819E+00   0.0000000000000000E+00  -9.7712503077913819E+00
    138000   1.7675953203534624E+02  -9.6320113537034118E+00   0.0000000000000000E+00  -9.6320113537034118E+00  -9.6418513480720058E+00   0.0000000000000000E+00  -9.6418513480720058E+00  -9.6394159056742428E+00   0.0000000000000000E+00  -9.6394159056742428E+00  -9.7694861267892215E+00   0.0000000000000000E+00  -9.7694861267892215E+00  -9.5422718665155184E+00   0.0000000000000000E+00  -9.5422718665155184E+00  -4.7381913584694022E+00  -4.8448340656966105E+00  -9.5830254241660136E+00  -9.7700298889853894E+00   0.0000000000000000E+00  -9.7700298889853894E+00
    139000   1.7789714039754591E+02  -9.6540358573396308E+00   0.0000000000000000E+00  -9.6540358573396308E+00  -9.6713403073913451E+00   0.0000000000000000E+00  -9.6713403073913451E+00  -9.6591771029352067E+00   0.0000000000000000E+00  -9.6591771029352067E+00  -9.7783761695150559E+00   0.0000000000000000E+00  -9.7783761695150559E+00  -9.5601056758752900E+00   0.0000000000000000E+00  -9.5601056758752900E+00  -4.7402093312035696E+00  -4.8751813410789078E+00  -9.6153906722824765E+00  -9.7706627559339498E+00   0.0000000000000000E+00  -9.7706627559339498E+00
    140000   1.7903474875974558E+02  -9.7307179517474154E+00   0.0000000000000000E+00  -9.7307179517474154E+00  -9.7542323684903725E+00   0.0000000000000000E+00  -9.7542323684903725E+00  -9.7335599683922673E+00   0.0000000000000000E+00  -9.7335599683922673E+00  -9.8101305384368835E+00   0.0000000000000000E+00  -9.8101305384368835E+00  -9.6663189229168687E+00   0.0000000000000000E+00  -9.6663189229168687E+00  -4.8029147003808044E+00  -4.9561931591422681E+00  -9.7591078595230734E+00  -9.7762090145078133E+00   0.0000000000000000E+00  -9.7762090145078133E+00
    141000   1.8017235712194525E+02  -9.7940498620287588E+00   0.0000000000000000E+00  -9.7940498620287588E+00  -9.8226542242596686E+00   0.0000000000000000E+00  -9.8226542242596686E+00  -9.7951447752491365E+00   0.0000000000000000E+00  -9.7951447752491365E+00  -9.8292354333231273E+00   0.0000000000000000E+00  -9.8292354333231273E+00  -9.7589436265182385E+00   0.0000000000000000E+00  -9.7589436265182385E+00  -4.8469652743975358E+00  -5.0295970871654649E+00  -9.8765623615629998E+00  -9.7773406468430544E+00   0.0000000000000000E+00  -9.7773406468430544E+00
    142000   1.8130996548414493E+02  -9.8542959825235492E+00   0.0000000000000000E+00  -9.8542959825235492E+00  -9.8860067207249962E+00   0.0000000000000000E+00  -9.8860067207249962E+00  -9.8529554624100637E+00   0.0000000000000000E+00  -9.8529554624100637E+00  -9.8432603842271345E+00   0.0000000000000000E+00  -9.8432603842271345E+00  -9.8449808956798179E+00   0.0000000000000000E+00  -9.8449808956798179E+00  -4.8861829261931256E+00  -5.1067269423301340E+00  -9.9929098685232596E+00  -9.7777891348445749E+00   0.0000000000000000E+00  -9.7777891348445749E+00
    143000   1.8244757384634460E+02  -9.9028381659018301E+00   0.0000000000000000E+00  -9.9028381659018301E+00  -9.9345409431588028E+00   0.0000000000000000E+00  -9.9345409431588028E+00  -9.9014077284984072E+00   0.0000000000000000E+00  -9.9014077284984072E+00  -9.8497613822540799E+00   0.0000000000000000E+00  -9.8497613822540799E+00  -9.9264200816144896E+00   0.0000000000000000E+00  -9.9264200816144896E+00  -4.9220422895558071E+00  -5.1638641301134562E+00  -1.0085906419669264E+01  -9.7802876548076423E+00   0.0000000000000000E+00  -9.7802876548076423E+00
    144000   1.8358518220854427E+02  -9.9069603614703947E+00   0.0000000000000000E+00  -9.9069603614703947E+00  -9.9368493239501863E+00   0.0000000000000000E+00  -9.9368493239501863E+00  -9.9057256990264833E+00   0.0000000000000000E+00  -9.9057256990264833E+00  -9.8343183277527242E+00   0.0000000000000000E+00  -9.8343183277527242E+00  -9.9495211005916513E+00   0.0000000000000000E+00  -9.9495211005916513E+00  -4.9329219686953998E+00  -5.1764335330949001E+00  -1.0109355501790301E+01  -9.7780018802977491E+00   0.0000000000000000E+00  -9.7780018802977491E+00
    145000   1.8472279057074394E+02  -9.8959944123745522E+00   0.0000000000000000E+00  -9.8959944123745522E+00  -9.9219558301343298E+00   0.0000000000000000E+00  -9.9219558301343298E+00  -9.8940427621882598E+00   0.0000000000000000E+00  -9.8940427621882598E+00  -9.8178054925544433E+00   0.0000000000000000E+00  -9.8178054925544433E+00  -9.9405214984747694E+00   0.0000000000000000E+00  -9.9405214984747694E+00  -4.9296502046706934E+00  -5.1620585886761772E+00  -1.0091708793346871E+01  -9.7776722661458066E+00   0.0000000000000000E+00  -9.7776722661458066E+00
    146000   1.8586039893294361E+02  -9.8836921713046522E+00   0.0000000000000000E+00  -9.8836921713046522E+00  -9.9024763314962918E+00   0.0000000000000000E+00  -9.9024763314962918E+00  -9.8823175408935207E+00   0.0000000000000000E+00  -9.8823175408935207E+00  -9.8036992612664431E+00   0.0000000000000000E+00  -9.8036992612664431E+00  -9.9257237391056741E+00   0.0000000000000000E+00  -9.9257237391056741E+00  -4.9121497005961237E+00  -5.1483812440494692E+00  -1.0060530944645592E+01  -9.7760900769105508E+00   0.0000000000000000E+00  -9.7760900769105508E+00
    147000   1.8699800729514328E+02  -9.8475589368216525E+00   0.0000000000000000E+00  -9.8475589368216525E+00  -9.8593008237596997E+00   0.0000000000000000E+00  -9.8593008237596997E+00  -9.8471575561439835E+00   0.0000000000000000E+00  -9.8471575561439835E+00  -9.7855938403600931E+00   0.0000000000000000E+00  -9.7855938403600931E+00  -9.8737471363762950E+00   0.0000000000000000E+00  -9.8737471363762950E+00  -4.8923150805475286E+00  -5.0871124865949859E+00  -9.9794275671425154E+00  -9.7760257364569974E+00   0.0000000000000000E+00  -9.7760257364569974E+00
    148000   1.8813561565734295E+02  -9.8126440228353538E+00   0.0000000000000000E+00  -9.8126440228353538E+00  -9.8197626772894306E+00   0.0000000000000000E+00  -9.8197626772894306E+00  -9.8107631410412370E+00   0.0000000000000000E+00  -9.8107631410412370E+00  -9.7669057674018163E+00   0.0000000000000000E+00  -9.7669057674018163E+00  -9.8235160656335925E+00   0.0000000000000000E+00  -9.8235160656335925E+00  -4.8643851457195586E+00  -5.0608503271267562E+00  -9.9252354728463139E+00  -9.7718060923053596E+00   0.0000000000000000E+00  -9.7718060923053596E+00
    149000   1.8927322401954262E+02  -9.8167421361883953E+00   0.0000000000000000E+00  -9.8167421361883953E+00  -9.8203679633677510E+00   0.0000000000000000E+00  -9.8203679633677510E+00  -9.8127987647571313E+00   0.0000000000000000E+00  -9.8127987647571313E+00  -9.7703424099569105E+00   0.0000000000000000E+00  -9.7703424099569105E+00  -9.8282913715732736E+00   0.0000000000000000E+00  -9.8282913715732736E+00  -4.8742280560521056E+00  -5.0784917428986303E+00  -9.9527197989507350E+00  -9.7725276045221285E+00   0.0000000000000000E+00  -9.7725276045221285E+00
    150000   1.9041083238174230E+02  -9.8366655470171995E+00   0.0000000000000000E+00  -9.8366655470171995E+00  -9.8362566761010388E+00   0.0000000000000000E+00  -9.8362566761010388E+00  -9.8334233671899529E+00   0.0000000000000000E+00  -9.8334233671899529E+00  -9.7817661367282813E+00   0.0000000000000000E+00  -9.7817661367282813E+00  -9.8630342015246555E+00   0.0000000000000000E+00  -9.8630342015246555E+00  -4.8981886571528372E+00  -5.0822750492343154E+00  -9.9804637063871517E+00  -9.7753385066718845E+00   0.0000000000000000E+00  -9.7753385066718845E+00
    151000   1.9154844074394197E+02  -9.7444924475532453E+00   0.0000000000000000E+00  -9.7444924475532453E+00  -9.7399685565358354E+00   0.0000000000000000E+00  -9.7399685565358354E+00  -9.7435994479898564E+00   0.0000000000000000E+00  -9.7435994479898564E+00  -9.7388282943791715E+00   0.0000000000000000E+00  -9.7388282943791715E+00  -9.7364671577793054E+00   0.0000000000000000E+00  -9.7364671577793054E+00  -4.8237636774217894E+00  -4.9785686939484659E+00  -9.8023323713702553E+00  -9.7683347850897277E+00   0.0000000000000000E+00  -9.7683347850897277E+00
    152000   1.9268604910614164E+02  -9.7828200942361772E+00   0.0000000000000000E+00  -9.7828200942361772E+00  -9.7772795983484055E+00   0.0000000000000000E+00  -9.7772795983484055E+00  -9.7793918276475207E+00   0.0000000000000000E+00  -9.7793918276475207E+00  -9.7659734428757883E+00   0.0000000000000000E+00  -9.7659734428757883E+00  -9.7766382165253702E+00   0.0000000000000000E+00  -9.7766382165253702E+00  -4.8647081428602892E+00  -5.0060354414249488E+00  -9.8707435842852380E+00  -9.7751918234650041E+00   0.0000000000000000E+00  -9.7751918234650041E+00
    153000   1.9382365746834131E+02  -9.7857970535804455E+00   0.0000000000000000E+00  -9.7857970535804455E+00  -9.7788333801734808E+00   0.0000000000000000E+00  -9.7788333801734808E+00  -9.7825100661951438E+00   0.0000000000000000E+00  -9.7825100661951438E+00  -9.7698812668137744E+00   0.0000000000000000E+00  -9.7698812668137744E+00  -9.7819304614301110E+00   0.0000000000000000E+00  -9.7819304614301110E+00  -4.8745445427261114E+00  -4.9962371858775665E+00  -9.8707817286036779E+00  -9.7746879900175596E+00   0.0000000000000000E+00  -9.7746879900175596E+00
    154000   1.9496126583054098E+02  -9.7967606733231278E+00   0.0000000000000000E+00  -9.7967606733231278E+00  -9.7905700427254967E+00   0.0000000000000000E+00  -9.7905700427254967E+00  -9.7918683527431067E+00   0.0000000000000000E+00  -9.7918683527431067E+00  -9.7767471013829592E+00   0.0000000000000000E+00  -9.7767471013829592E+00  -9.7856080363985800E+00   0.0000000000000000E+00  -9.7856080363985800E+00  -4.8719953023350442E+00  -5.0158314731203131E+00  -9.8878267754553573E+00  -9.7737536512637195E+00   0.0000000000000000E+00  -9.7737536512637195E+00
    155000   1.9609887419274065E+02  -9.8260255954382920E+00   0.0000000000000000E+00  -9.8260255954382920E+00  -9.8207897533810957E+00   0.0000000000000000E+00  -9.8207897533810957E+00  -9.8200415290881189E+00   0.0000000000000000E+00  -9.8200415290881189E+00  -9.7895542786072056E+00   0.0000000000000000E+00  -9.7895542786072056E+00  -9.8247192144317186E+00   0.0000000000000000E+00  -9.8247192144317186E+00  -4.8934720650487593E+00  -5.0501634080427333E+00  -9.9436354730914935E+00  -9.7742984591090121E+00   0.0000000000000000E+00  -9.7742984591090121E+00
    156000   1.9723648255494032E+02  -9.8238576223927154E+00   0.0000000000000000E+00  -9.8238576223927154E+00  -9.8193485749685507E+00   0.0000000000000000E+00  -9.8193485749685507E+00  -9.8181513575236234E+00   0.0000000000000000E+00  -9.8181513575236234E+00  -9.7837938897041212E+00   0.0000000000000000E+00  -9.7837938897041212E+00  -9.8283386439129075E+00   0.0000000000000000E+00  -9.8283386439129075E+00  -4.8735695615196324E+00  -5.0769559970802609E+00  -9.9505255585998924E+00  -9.7700898543597283E+00   0.0000000000000000E+00  -9.7700898543597283E+00
    157000   1.9837409091713999E+02  -9.7856997519614417E+00   0.0000000000000000E+00  -9.7856997519614417E+00  -9.7788739540679881E+00   0.0000000000000000E+00  -9.7788739540679881E+00  -9.7837031112398485E+00   0.0000000000000000E+00  -9.7837031112398485E+00  -9.7646171310572516E+00   0.0000000000000000E+00  -9.7646171310572516E+00  -9.7864763444648535E+00   0.0000000000000000E+00  -9.7864763444648535E+00  -4.8369641645387214E+00  -5.0383126190409859E+00  -9.8752767835797073E+00  -9.7688769468645713E+00   0.0000000000000000E+00  -9.7688769468645713E+00
    158000   1.9951169927933967E+02  -9.7542241162409944E+00   0.0000000000000000E+00  -9.7542241162409944E+00  -9.7464796949428401E+00   0.0000000000000000E+00  -9.7464796949428401E+00  -9.7535218690822489E+00   0.0000000000000000E+00  -9.7535218690822489E+00  -9.7511622879235809E+00   0.0000000000000000E+00  -9.7511622879235809E+00  -9.7448285009347675E+00   0.0000000000000000E+00  -9.7448285009347675E+00  -4.8144428514446762E+00  -5.0005375384217929E+00  -9.8149803898664700E+00  -9.7687469806482365E+00   0.0000000000000000E+00  -9.7687469806482365E+00
    159000   2.0064930764153934E+02  -9.7057715295784419E+00   0.0000000000000000E+00  -9.7057715295784419E+00  -9.6956005771417928E+00   0.0000000000000000E+00  -9.6956005771417928E+00  -9.7069022610130204E+00   0.0000000000000000E+00  -9.7069022610130204E+00  -9.7335524343415099E+00   0.0000000000000000E+00  -9.7335524343415099E+00  -9.6722078901463426E+00   0.0000000000000000E+00  -9.6722078901463426E+00  -4.7670085060834717E+00  -4.9418711504792707E+00  -9.7088796565627433E+00  -9.7669799121550973E+00   0.0000000000000000E+00  -9.7669799121550973E+00
    160000   2.0178691600373901E+02  -9.6968041868724786E+00   0.0000000000000000E+00  -9.6968041868724786E+00  -9.6870239933281717E+00   0.0000000000000000E+00  -9.6870239933281717E+00  -9.6965361735277273E+00   0.0000000000000000E+00  -9.6965361735277273E+00  -9.7384558486404433E+00   0.0000000000000000E+00  -9.7384558486404433E+00  -9.6440910706782113E+00   0.0000000000000000E+00  -9.6440910706782113E+00  -4.7577061669376661E+00  -4.9209290556176839E+00  -9.6786352225553500E+00  -9.7684888374926935E+00   0.0000000000000000E+00  -9.7684888374926935E+00
    161000   2.0292452436593868E+02  -9.7006961963972778E+00   0.0000000000000000E+00  -9.7006961963972778E+00  -9.6922235607893743E+00   0.0000000000000000E+00  -9.6922235607893743E+00  -9.6998242713485503E+00   0.0000000000000000E+00  -9.6998242713485503E+00  -9.7478684090007235E+00   0.0000000000000000E+00  -9.7478684090007235E+00  -9.6431758644339087E+00   0.0000000000000000E+00  -9.6431758644339087E+00  -4.7581110824717019E+00  -4.9249440303477243E+00  -9.6830551128194262E+00  -9.7703037905947063E+00   0.0000000000000000E+00  -9.7703037905947063E+00
    162000   2.0406213272813835E+02  -9.7356250687591839E+00   0.0000000000000000E+00  -9.7356250687591839E+00  -9.7295629116136091E+00   0.0000000000000000E+00  -9.7295629116136091E+00  -9.7337026021411841E+00   0.0000000000000000E+00  -9.7337026021411841E+00  -9.7671971209537247E+00   0.0000000000000000E+00  -9.7671971209537247E+00  -9.6939831024964480E+00   0.0000000000000000E+00  -9.6939831024964480E+00  -4.7990900840365240E+00  -4.9615860061769910E+00  -9.7606760902135150E+00  -9.7735729225889898E+00   0.0000000000000000E+00  -9.7735729225889898E+00
    163000   2.0519974109033802E+02  -9.7399492565034151E+00   0.0000000000000000E+00  -9.7399492565034151E+00  -9.7353141659422775E+00   0.0000000000000000E+00  -9.7353141659422775E+00  -9.7396946951179473E+00   0.0000000000000000E+00  -9.7396946951179473E+00  -9.7687957812256148E+00   0.0000000000000000E+00  -9.7687957812256148E+00  -9.7057148705782588E+00   0.0000000000000000E+00  -9.7057148705782588E+00  -4.7974181772898614E+00  -4.9663751206582569E+00  -9.7637932979481192E+00  -9.7719241437042381E+00   0.0000000000000000E+00  -9.7719241437042381E+00
    164000   2.0633734945253769E+02  -9.7222222698732583E+00   0.0000000000000000E+00  -9.7222222698732583E+00  -9.7190544533559375E+00   0.0000000000000000E+00  -9.7190544533559375E+00  -9.7234188318621477E+00   0.0000000000000000E+00  -9.7234188318621477E+00  -9.7583482821671126E+00   0.0000000000000000E+00  -9.7583482821671126E+00  -9.6897989147036050E+00   0.0000000000000000E+00  -9.6897989147036050E+00  -4.7916935778262157E+00  -4.9487510057676332E+00  -9.7404445835938489E+00  -9.7712220701629526E+00   0.0000000000000000E+00  -9.7712220701629526E+00
    165000   2.0747495781473737E+02  -9.6650809570315310E+00   0.0000000000000000E+00  -9.6650809570315310E+00  -9.6621476693190971E+00   0.0000000000000000E+00  -9.6621476693190971E+00  -9.6692253830060295E+00   0.0000000000000000E+00  -9.6692253830060295E+00  -9.7335015202276676E+00   0.0000000000000000E+00  -9.7335015202276676E+00  -9.6162503588998209E+00   0.0000000000000000E+00  -9.6162503588998209E+00  -4.7475225050746408E+00  -4.8841564961873125E+00  -9.6316790012619542E+00  -9.7673804212739501E+00   0.0000000000000000E+00  -9.7673804212739501E+00
    166000   2.0861256617693704E+02  -9.5982040549018190E+00   0.0000000000000000E+00  -9.5982040549018190E+00  -9.5967863259146462E+00   0.0000000000000000E+00  -9.5967863259146462E+00  -9.6035976568388666E+00   0.0000000000000000E+00  -9.6035976568388666E+00  -9.7076713191348940E+00   0.0000000000000000E+00  -9.7076713191348940E+00  -9.5209469135123008E+00   0.0000000000000000E+00  -9.5209469135123008E+00  -4.6951939395175275E+00  -4.8125537554416287E+00  -9.5077476949591571E+00  -9.7629116398400289E+00   0.0000000000000000E+00  -9.7629116398400289E+00
    167000   2.0975017453913671E+02  -9.5808605490151191E+00   0.0000000000000000E+00  -9.5808605490151191E+00  -9.5826608930431938E+00   0.0000000000000000E+00  -9.5826608930431938E+00  -9.5845050430554348E+00   0.0000000000000000E+00  -9.5845050430554348E+00  -9.7122143945800037E+00   0.0000000000000000E+00  -9.7122143945800037E+00  -9.4790358193706599E+00   0.0000000000000000E+00  -9.4790358193706599E+00  -4.6683851485851351E+00  -4.8024187033649337E+00  -9.4708038519500697E+00  -9.7634462184351225E+00   0.0000000000000000E+00  -9.7634462184351225E+00
    168000   2.1088778290133638E+02  -9.6075608280229208E+00   0.0000000000000000E+00  -9.6075608280229208E+00  -9.6146401418383149E+00   0.0000000000000000E+00  -9.6146401418383149E+00  -9.6093556123025650E+00   0.0000000000000000E+00  -9.6093556123025650E+00  -9.7338415219628960E+00   0.0000000000000000E+00  -9.7338415219628960E+00  -9.5146272932264182E+00   0.0000000000000000E+00  -9.5146272932264182E+00  -4.7032963636073823E+00  -4.8312595226363966E+00  -9.5345558862437798E+00  -9.7663646548837253E+00   0.0000000000000000E+00  -9.7663646548837253E+00
    169000   2.1202539126353605E+02  -9.6377133782221893E+00   0.0000000000000000E+00  -9.6377133782221893E+00  -9.6484927966963170E+00   0.0000000000000000E+00  -9.6484927966963170E+00  -9.6402080656677906E+00   0.0000000000000000E+00  -9.6402080656677906E+00  -9.7554553033505922E+00   0.0000000000000000E+00  -9.7554553033505922E+00  -9.5575529803829777E+00   0.0000000000000000E+00  -9.5575529803829777E+00  -4.7347276268852596E+00  -4.8387815327008594E+00  -9.5735091595861199E+00  -9.7703506133269222E+00   0.0000000000000000E+00  -9.7703506133269222E+00
    170000   2.1316299962573572E+02  -9.6836346121960428E+00   0.0000000000000000E+00  -9.6836346121960428E+00  -9.7000887328796068E+00   0.0000000000000000E+00  -9.7000887328796068E+00  -9.6843871302283588E+00   0.0000000000000000E+00  -9.6843871302283588E+00  -9.7793391274834747E+00   0.0000000000000000E+00  -9.7793391274834747E+00  -9.6152071681696665E+00   0.0000000000000000E+00  -9.6152071681696665E+00  -4.7818500873800946E+00  -4.8720905829404080E+00  -9.6539406703205017E+00  -9.7743373185324085E+00   0.0000000000000000E+00  -9.7743373185324085E+00
    171000   2.1430060798793539E+02  -9.7195413084814479E+00   0.0000000000000000E+00  -9.7195413084814479E+00  -9.7409043443185119E+00   0.0000000000000000E+00  -9.7409043443185119E+00  -9.7187216198722890E+00   0.0000000000000000E+00  -9.7187216198722890E+00  -9.7933688208151537E+00   0.0000000000000000E+00  -9.7933688208151537E+00  -9.6613264022158489E+00   0.0000000000000000E+00  -9.6613264022158489E+00  -4.8154576397166968E+00  -4.8985475387106581E+00  -9.7140051784273549E+00  -9.7756713584217838E+00   0.0000000000000000E+00  -9.7756713584217838E+00
    172000   2.1543821635013506E+02  -9.7539399763410586E+00   0.0000000000000000E+00  -9.7539399763410586E+00  -9.7790449752111730E+00   0.0000000000000000E+00  -9.7790449752111730E+00  -9.7517969339755020E+00   0.0000000000000000E+00  -9.7517969339755020E+00  -9.8010477406965641E+00   0.0000000000000000E+00  -9.8010477406965641E+00  -9.7087019629676288E+00   0.0000000000000000E+00  -9.7087019629676288E+00  -4.8339690262148940E+00  -4.9438436909714101E+00  -9.7778127171863041E+00  -9.7746288605806964E+00   0.0000000000000000E+00  -9.7746288605806964E+00
    173000   2.1657582471233474E+02  -9.7927619086704816E+00   0.0000000000000000E+00  -9.7927619086704816E+00  -9.8207282916253948E+00   0.0000000000000000E+00  -9.8207282916253948E+00  -9.7887982685450403E+00   0.0000000000000000E+00  -9.7887982685450403E+00  -9.8106097219013346E+00   0.0000000000000000E+00  -9.8106097219013346E+00  -9.7644558571727913E+00   0.0000000000000000E+00  -9.7644558571727913E+00  -4.8535356591039029E+00  -4.9990417156713507E+00  -9.8525773747752545E+00  -9.7740058652002109E+00   0.0000000000000000E+00  -9.7740058652002109E+00
    174000   2.1771343307453441E+02  -9.8327763373770694E+00   0.0000000000000000E+00  -9.8327763373770694E+00  -9.8614881016189120E+00   0.0000000000000000E+00  -9.8614881016189120E+00  -9.8278928887864261E+00   0.0000000000000000E+00  -9.8278928887864261E+00  -9.8214565899611639E+00   0.0000000000000000E+00  -9.8214565899611639E+00  -9.8247411167556677E+00   0.0000000000000000E+00  -9.8247411167556677E+00  -4.8820522486366587E+00  -5.0448589117523328E+00  -9.9269111603889915E+00  -9.7757243843784760E+00   0.0000000000000000E+00  -9.7757243843784760E+00
    175000   2.1885104143673408E+02  -9.9404993369614694E+00   0.0000000000000000E+00  -9.9404993369614694E+00  -9.9707827753886900E+00   0.0000000000000000E+00  -9.9707827753886900E+00  -9.9307487755492581E+00   0.0000000000000000E+00  -9.9307487755492581E+00  -9.8636939456349602E+00   0.0000000000000000E+00  -9.8636939456349602E+00  -9.9669018920876464E+00   0.0000000000000000E+00  -9.9669018920876464E+00  -4.9707919281066983E+00  -5.1619045318925165E+00  -1.0132696459999215E+01  -9.7844936870348018E+00   0.0000000000000000E+00  -9.7844936870348018E+00
    176000   2.1998864979893375E+02  -9.9533560353538721E+00   0.0000000000000000E+00  -9.9533560353538721E+00  -9.9802962812072096E+00   0.0000000000000000E+00  -9.9802962812072096E+00  -9.9456021295069466E+00   0.0000000000000000E+00  -9.9456021295069466E+00  -9.8488576690147163E+00   0.0000000000000000E+00  -9.8488576690147163E+00  -1.0013293724888248E+01   0.0000000000000000E+00  -1.0013293724888248E+01  -4.9810417147066950E+00  -5.1931442300437691E+00  -1.0174185944750464E+01  -9.7810277311273452E+00   0.0000000000000000E+00  -9.7810277311273452E+00
    177000   2.2112625816113342E+02  -9.9539298414252837E+00   0.0000000000000000E+00  -9.9539298414252837E+00  -9.9765714325100650E+00   0.0000000000000000E+00  -9.9765714325100650E+00  -9.9457496887053747E+00   0.0000000000000000E+00  -9.9457496887053747E+00  -9.8354648045808286E+00   0.0000000000000000E+00  -9.8354648045808286E+00  -1.0012537909131035E+01   0.0000000000000000E+00  -1.0012537909131035E+01  -4.9623942718510454E+00  -5.2014000516343906E+00  -1.0163794323485437E+01  -9.7794746752105688E+00   0.0000000000000000E+00  -9.7794746752105688E+00
    178000   2.2226386652333309E+02  -9.8971563902820314E+00   0.0000000000000000E+00  -9.8971563902820314E+00  -9.9128413973858915E+00   0.0000000000000000E+00  -9.9128413973858915E+00  -9.8910830661324329E+00   0.0000000000000000E+00  -9.8910830661324329E+00  -9.7995638010428561E+00   0.0000000000000000E+00  -9.7995638010428561E+00  -9.9425391324152042E+00   0.0000000000000000E+00  -9.9425391324152042E+00  -4.9104536794675937E+00  -5.1433384139320806E+00  -1.0053792093399675E+01  -9.7740025653067555E+00   0.0000000000000000E+00  -9.7740025653067555E+00
    179000   2.2340147488553276E+02  -9.8322406440650933E+00   0.0000000000000000E+00  -9.8322406440650933E+00  -9.8407967656502553E+00   0.0000000000000000E+00  -9.8407967656502553E+00  -9.8260803770514915E+00   0.0000000000000000E+00  -9.8260803770514915E+00  -9.7653080933163032E+00   0.0000000000000000E+00  -9.7653080933163032E+00  -9.8444453440290740E+00   0.0000000000000000E+00  -9.8444453440290740E+00  -4.8417340488409550E+00  -5.0877566920429258E+00  -9.9294907408838817E+00  -9.7679857281854705E+00   0.0000000000000000E+00  -9.7679857281854705E+00
    180000   2.2453908324773244E+02  -9.8017973454877794E+00   0.0000000000000000E+00  -9.8017973454877794E+00  -9.8033720887461477E+00   0.0000000000000000E+00  -9.8033720887461477E+00  -9.7961991110575628E+00   0.0000000000000000E+00  -9.7961991110575628E+00  -9.7557384041447062E+00   0.0000000000000000E+00  -9.7557384041447062E+00  -9.7978721323304310E+00   0.0000000000000000E+00  -9.7978721323304310E+00  -4.8200175673149497E+00  -5.0482525441558384E+00  -9.8682701114707889E+00  -9.7702737174647414E+00   0.0000000000000000E+00  -9.7702737174647414E+00
    181000   2.2567669160993211E+02  -9.7626978700153355E+00   0.0000000000000000E+00  -9.7626978700153355E+00  -9.7583387327714100E+00   0.0000000000000000E+00  -9.7583387327714100E+00  -9.7580315099793111E+00   0.0000000000000000E+00  -9.7580315099793111E+00  -9.7411867367489435E+00   0.0000000000000000E+00  -9.7411867367489435E+00  -9.7456474230516807E+00   0.0000000000000000E+00  -9.7456474230516807E+00  -4.7855987626415200E+00  -5.0192418677967323E+00  -9.8048406304382532E+00  -9.7678694705792442E+00   0.0000000000000000E+00  -9.7678694705792442E+00
    182000   2.2681429997213178E+02  -9.7164989686973389E+00   0.0000000000000000E+00  -9.7164989686973389E+00  -9.7085755919913339E+00   0.0000000000000000E+00  -9.7085755919913339E+00  -9.7119644482795788E+00   0.0000000000000000E+00  -9.7119644482795788E+00  -9.7258668730269608E+00   0.0000000000000000E+00  -9.7258668730269608E+00  -9.6799357872628011E+00   0.0000000000000000E+00  -9.6799357872628011E+00  -4.7472567821872458E+00  -4.9802265440800664E+00  -9.7274833262673113E+00  -9.7655992800173621E+00   0.0000000000000000E+00  -9.7655992800173621E+00
    183000   2.2795190833433145E+02  -9.7153696769732409E+00   0.0000000000000000E+00  -9.7153696769732409E+00  -9.7058870992441530E+00   0.0000000000000000E+00  -9.7058870992441530E+00  -9.7105159051876910E+00   0.0000000000000000E+00  -9.7105159051876910E+00  -9.7339506206717470E+00   0.0000000000000000E+00  -9.7339506206717470E+00  -9.6793074020430918E+00   0.0000000000000000E+00  -9.6793074020430918E+00  -4.7524398492318127E+00  -4.9882158852177954E+00  -9.7406557344496072E+00  -9.7670321530449939E+00   0.0000000000000000E+00  -9.7670321530449939E+00
    184000   2.2908951669653112E+02  -9.7259280080600359E+00   0.0000000000000000E+00  -9.7259280080600359E+00  -9.7162104611759190E+00   0.0000000000000000E+00  -9.7162104611759190E+00  -9.7215123509022341E+00   0.0000000000000000E+00  -9.7215123509022341E+00  -9.7456830400400261E+00   0.0000000000000000E+00  -9.7456830400400261E+00  -9.6993250490558562E+00   0.0000000000000000E+00  -9.6993250490558562E+00  -4.7745484469897992E+00  -4.9897840920220693E+00  -9.7643325390118676E+00  -9.7704746905160516E+00   0.0000000000000000E+00  -9.7704746905160516E+00
    185000   2.3022712505873079E+02  -9.7340876714577451E+00   0.0000000000000000E+00  -9.7340876714577451E+00  -9.7256859226758721E+00   0.0000000000000000E+00  -9.7256859226758721E+00  -9.7301812118244335E+00   0.0000000000000000E+00  -9.7301812118244335E+00  -9.7542909263350559E+00   0.0000000000000000E+00  -9.7542909263350559E+00  -9.7114207728087862E+00   0.0000000000000000E+00  -9.7114207728087862E+00  -4.7967928835215474E+00  -4.9764891952625998E+00  -9.7732820787841472E+00  -9.7723300481930675E+00   0.0000000000000000E+00  -9.7723300481930675E+00
    186000   2.3136473342093046E+02  -9.7257288065918512E+00   0.0000000000000000E+00  -9.7257288065918512E+00  -9.7198396282704813E+00   0.0000000000000000E+00  -9.7198396282704813E+00  -9.7213683615916011E+00   0.0000000000000000E+00  -9.7213683615916011E+00  -9.7563363771233238E+00   0.0000000000000000E+00  -9.7563363771233238E+00  -9.6900738166234817E+00   0.0000000000000000E+00  -9.6900738166234817E+00  -4.7824566142760752E+00  -4.9664321777660936E+00  -9.7488887920421696E+00  -9.7709330885059309E+00   0.0000000000000000E+00  -9.7709330885059309E+00
    187000   2.3250234178313013E+02  -9.7672682045756609E+00   0.0000000000000000E+00  -9.7672682045756609E+00  -9.7637226425887302E+00   0.0000000000000000E+00  -9.7637226425887302E+00  -9.7621236481643852E+00   0.0000000000000000E+00  -9.7621236481643852E+00  -9.7814698186343101E+00   0.0000000000000000E+00  -9.7814698186343101E+00  -9.7396722977783341E+00   0.0000000000000000E+00  -9.7396722977783341E+00  -4.8183030464008407E+00  -4.9919799157976756E+00  -9.8102829621985173E+00  -9.7758322348882540E+00   0.0000000000000000E+00  -9.7758322348882540E+00
    188000   2.3363995014532981E+02  -9.7960048756327396E+00   0.0000000000000000E+00  -9.7960048756327396E+00  -9.7955611767263093E+00   0.0000000000000000E+00  -9.7955611767263093E+00  -9.7893804973259932E+00   0.0000000000000000E+00  -9.7893804973259932E+00  -9.7915425233302358E+00   0.0000000000000000E+00  -9.7915425233302358E+00  -9.7782936453967775E+00   0.0000000000000000E+00  -9.7782936453967775E+00  -4.8341906378110613E+00  -5.0301784701992771E+00  -9.8643691080103384E+00  -9.7739060362725301E+00   0.0000000000000000E+00  -9.7739060362725301E+00
    189000   2.3477755850752948E+02  -9.7974940573062685E+00   0.0000000000000000E+00  -9.7974940573062685E+00  -9.7983168395471321E+00   0.0000000000000000E+00  -9.7983168395471321E+00  -9.7923848338701429E+00   0.0000000000000000E+00  -9.7923848338701429E+00  -9.7878073052510270E+00   0.0000000000000000E+00  -9.7878073052510270E+00  -9.7851479419805916E+00   0.0000000000000000E+00  -9.7851479419805916E+00  -4.8238131535385262E+00  -5.0413874593897106E+00  -9.8652006129282377E+00  -9.7732750525848715E+00   0.0000000000000000E+00  -9.7732750525848715E+00
    190000   2.3591516686972915E+02  -9.7754758876630916E+00   0.0000000000000000E+00  -9.7754758876630916E+00  -9.7767121625483622E+00   0.0000000000000000E+00  -9.7767121625483622E+00  -9.7714831027618914E+00   0.0000000000000000E+00  -9.7714831027618914E+00  -9.7754337301716507E+00   0.0000000000000000E+00  -9.7754337301716507E+00  -9.7542082910988785E+00   0.0000000000000000E+00  -9.7542082910988785E+00  -4.7992521794166141E+00  -5.0220170934119990E+00  -9.8212692728286122E+00  -9.7725948014878909E+00   0.0000000000000000E+00  -9.7725948014878909E+00
    191000   2.3705277523192882E+02  -9.7946138668666443E+00   0.0000000000000000E+00  -9.7946138668666443E+00  -9.7956005114789217E+00   0.0000000000000000E+00  -9.7956005114789217E+00  -9.7915077683266869E+00   0.0000000000000000E+00  -9.7915077683266869E+00  -9.7835041576123043E+00   0.0000000000000000E+00  -9.7835041576123043E+00  -9.7860015209286431E+00   0.0000000000000000E+00  -9.7860015209286431E+00  -4.8291950600436522E+00  -5.0275520584053091E+00  -9.8567471184489612E+00  -9.7765497360729956E+00   0.0000000000000000E+00  -9.7765497360729956E+00
    192000   2.3819038359412849E+02  -9.8258963652447040E+00   0.0000000000000000E+00  -9.8258963652447040E+00  -9.8276451042640200E+00   0.0000000000000000E+00  -9.8276451042640200E+00  -9.8216367522347969E+00   0.0000000000000000E+00  -9.8216367522347969E+00  -9.7949664086565562E+00   0.0000000000000000E+00  -9.7949664086565562E+00  -9.8314924890116870E+00   0.0000000000000000E+00  -9.8314924890116870E+00  -4.8743592174026231E+00  -5.0501204153227350E+00  -9.9244796327253582E+00  -9.7783223256732494E+00   0.0000000000000000E+00  -9.7783223256732494E+00
    193000   2.3932799195632816E+02  -9.8244474130452026E+00   0.0000000000000000E+00  -9.8244474130452026E+00  -9.8268429116557829E+00   0.0000000000000000E+00  -9.8268429116557829E+00  -9.8186667178269165E+00   0.0000000000000000E+00  -9.8186667178269165E+00  -9.7899734360951012E+00   0.0000000000000000E+00  -9.7899734360951012E+00  -9.8282685518107176E+00   0.0000000000000000E+00  -9.8282685518107176E+00  -4.8628476771839235E+00  -5.0753572771072513E+00  -9.9382049542911748E+00  -9.7737479127223850E+00   0.0000000000000000E+00  -9.7737479127223850E+00
    194000   2.4046560031852783E+02  -9.7927705242693488E+00   0.0000000000000000E+00  -9.7927705242693488E+00  -9.7926731612424867E+00   0.0000000000000000E+00  -9.7926731612424867E+00  -9.7896576536835624E+00   0.0000000000000000E+00  -9.7896576536835624E+00  -9.7720271111749515E+00   0.0000000000000000E+00  -9.7720271111749515E+00  -9.7965210494960679E+00   0.0000000000000000E+00  -9.7965210494960679E+00  -4.8336235949076700E+00  -5.0417080296308958E+00  -9.8753316245385658E+00  -9.7716169009658227E+00   0.0000000000000000E+00  -9.7716169009658227E+00
    195000   2.4160320868072750E+02  -9.7715626735994956E+00   0.0000000000000000E+00  -9.7715626735994956E+00  -9.7703508568889053E+00   0.0000000000000000E+00  -9.7703508568889053E+00  -9.7681304265880424E+00   0.0000000000000000E+00  -9.7681304265880424E+00  -9.7625013938925882E+00   0.0000000000000000E+00  -9.7625013938925882E+00  -9.7609885019885336E+00   0.0000000000000000E+00  -9.7609885019885336E+00  -4.8135245754823375E+00  -5.0224919488706794E+00  -9.8360165243530169E+00  -9.7711514722001827E+00   0.0000000000000000E+00  -9.7711514722001827E+00
    196000   2.4274081704292718E+02  -9.7845205741208030E+00   0.0000000000000000E+00  -9.7845205741208030E+00  -9.7817571061258590E+00   0.0000000000000000E+00  -9.7817571061258590E+00  -9.7811268980751098E+00   0.0000000000000000E+00  -9.7811268980751098E+00  -9.7726884672515730E+00   0.0000000000000000E+00  -9.7726884672515730E+00  -9.7749684685318723E+00   0.0000000000000000E+00  -9.7749684685318723E+00  -4.8282238768976962E+00  -5.0225570518664249E+00  -9.8507809287641201E+00  -9.7733501217965326E+00   0.0000000000000000E+00  -9.7733501217965326E+00
    197000   2.4387842540512685E+02  -9.7765530462035084E+00   0.0000000000000000E+00  -9.7765530462035084E+00  -9.7725809889660251E+00   0.0000000000000000E+00  -9.7725809889660251E+00  -9.7731059692828381E+00   0.0000000000000000E+00  -9.7731059692828381E+00  -9.7686356941138488E+00   0.0000000000000000E+00  -9.7686356941138488E+00  -9.7608828389254896E+00   0.0000000000000000E+00  -9.7608828389254896E+00  -4.8112659907199609E+00  -5.0180680665206427E+00  -9.8293340572406045E+00  -9.7719699693019795E+00   0.0000000000000000E+00  -9.7719699693019795E+00
    198000   2.4501603376732652E+02  -9.7441209093888261E+00   0.0000000000000000E+00  -9.7441209093888261E+00  -9.7386645286600100E+00   0.0000000000000000E+00  -9.7386645286600100E+00  -9.7422420845473798E+00   0.0000000000000000E+00  -9.7422420845473798E+00  -9.7548159871482287E+00   0.0000000000000000E+00  -9.7548159871482287E+00  -9.7142173098444538E+00   0.0000000000000000E+00  -9.7142173098444538E+00  -4.7722400709049833E+00  -4.9878529416383044E+00  -9.7600930125432868E+00  -9.7691068350765526E+00   0.0000000000000000E+00  -9.7691068350765526E+00
