iteration time L2_div global_div Linf_vel CFL Peclet wall_seconds_per_step
    101000   2.02000000E+03   3.15235422E-06   2.08467857E-01   1.28110858E+00   1.85025981E-01   4.35208354E-01   4.30759753E-01
    102000   2.04000000E+03   2.51823087E-06   1.37642928E-01   1.28996661E+00   1.92938724E-01   4.35208354E-01   4.30554829E-01
    103000   2.06000000E+03   1.50816329E-06  -1.01945181E-01   1.17633724E+00   1.88646707E-01   4.35208354E-01   4.29292483E-01
    104000   2.08000000E+03   1.94526145E-06   1.40674343E-01   1.25148058E+00   1.73096133E-01   4.35208354E-01   3.85795406E-01
    105000   2.10000000E+03   3.05373312E-06  -4.12597121E-01   1.26182154E+00   1.85556262E-01   4.35208354E-01   3.57512486E-01
    106000   2.12000000E+03   2.79106025E-06   5.12637543E-01   1.21963498E+00   2.05854824E-01   4.35208354E-01   3.38583652E-01
    107000   2.14000000E+03   5.39717773E-06  -7.65524517E-01   1.18139059E+00   2.09660500E-01   4.35208354E-01   3.25116174E-01
    108000   2.16000000E+03   3.58045982E-06   4.28806758E-01   1.21323582E+00   2.68283585E-01   4.35208354E-01   3.14963999E-01
    109000   2.18000000E+03   1.33995641E-06   8.92414838E-02   1.28037054E+00   2.75831374E-01   4.35208354E-01   3.07119815E-01
    110000   2.20000000E+03   5.02443116E-06  -7.11641416E-01   1.17458676E+00   2.49827576E-01   4.35208354E-01   3.00798829E-01
    111000   2.22000000E+03   3.08171543E-06   5.52335662E-01   1.13972817E+00   1.89186274E-01   4.35208354E-01   2.95667467E-01
    112000   2.24000000E+03   2.26393866E-06  -4.42733730E-01   1.24174336E+00   2.09839110E-01   4.35208354E-01   2.91353956E-01
    113000   2.26000000E+03   1.32813773E-06  -8.95790375E-02   1.14815293E+00   2.30370617E-01   4.35208354E-01   2.87738080E-01
    114000   2.28000000E+03   5.29910028E-06   8.28794844E-01   1.20605587E+00   2.27739287E-01   4.35208354E-01   2.84606444E-01
    115000   2.30000000E+03   5.45083617E-06  -8.77754728E-01   1.19463549E+00   2.77348599E-01   4.35208354E-01   2.81920839E-01
    116000   2.32000000E+03   2.02276832E-06   2.59407433E-01   1.19083385E+00   2.15499265E-01   4.35208354E-01   2.79542655E-01
    117000   2.34000000E+03   1.09496189E-06  -7.31641469E-02   1.22600207E+00   2.09154736E-01   4.35208354E-01   2.77469247E-01
    118000   2.36000000E+03   9.94881589E-07  -1.18594292E-01   1.18953964E+00   2.44105811E-01   4.35208354E-01   2.75602786E-01
    119000   2.38000000E+03   4.63377343E-06   6.96680319E-01   1.18917952E+00   2.27155110E-01   4.35208354E-01   2.73954612E-01
    120000   2.40000000E+03   2.47352067E-06  -4.07776534E-01   1.18764401E+00   2.50500874E-01   4.35208354E-01   2.72453084E-01
    121000   2.42000000E+03   3.11289537E-06  -1.32015259E-01   1.18037814E+00   1.68844273E-01   4.35208354E-01   2.71113000E-01
    122000   2.44000000E+03   2.09148752E-06  -4.56841726E-01   1.20519955E+00   2.82562474E-01   4.35208354E-01   2.69875250E-01
    123000   2.46000000E+03   3.75473427E-06   2.99235327E-01   1.14849492E+00   2.70907797E-01   4.35208354E-01   2.68762469E-01
    124000   2.48000000E+03   7.03154203E-06  -8.94068345E-01   1.15060245E+00   1.95258786E-01   4.35208354E-01   2.67725859E-01
    125000   2.50000000E+03   4.82014663E-06   6.95418791E-01   1.22736572E+00   2.56233654E-01   4.35208354E-01   2.66789625E-01
    126000   2.52000000E+03   5.74724455E-06  -8.61340220E-01   1.13405572E+00   2.28217676E-01   4.35208354E-01   2.65909354E-01
    127000   2.54000000E+03   2.00473545E-06   2.60520607E-01   1.34962582E+00   1.76666177E-01   4.35208354E-01   2.65109687E-01
    128000   2.56000000E+03   2.63984158E-06  -4.71362215E-01   1.18531643E+00   1.82182663E-01   4.35208354E-01   2.64351413E-01
    129000   2.58000000E+03   2.66294377E-06   1.48963896E-01   1.15750280E+00   2.10588749E-01   4.35208354E-01   2.63660125E-01
    130000   2.60000000E+03   2.34440919E-06  -3.32647539E-01   1.20603680E+00   1.84465787E-01   4.35208354E-01   2.63001190E-01
    131000   2.62000000E+03   4.48112056E-06   7.11273543E-01   1.21592137E+00   1.91627068E-01   4.35208354E-01   2.62397753E-01
    132000   2.64000000E+03   4.36437806E-06  -7.09695807E-01   1.21932184E+00   1.79182583E-01   4.35208354E-01   2.61819110E-01
    133000   2.66000000E+03   2.03349235E-06   3.12162172E-01   1.17894286E+00   1.81392479E-01   4.35208354E-01   2.61288889E-01
    134000   2.68000000E+03   1.59676469E-06  -1.16691846E-01   1.24377762E+00   2.17811676E-01   4.35208354E-01   2.60777235E-01
    135000   2.70000000E+03   9.23682128E-07  -5.30361313E-02   1.16547027E+00   1.86138599E-01   4.35208354E-01   2.60306828E-01
    136000   2.72000000E+03   2.85581242E-06  -1.73655330E-01   1.39304547E+00   2.38067400E-01   4.35208354E-01   2.59850118E-01
    137000   2.74000000E+03   1.72089419E-06   7.50642355E-02   1.26824354E+00   2.10198664E-01   4.35208354E-01   2.59431660E-01
    138000   2.76000000E+03   3.53043283E-06   3.43502486E-01   1.19286105E+00   3.88686440E-01   4.35208354E-01   2.59022134E-01
    139000   2.78000000E+03   2.84020788E-06  -2.33761421E-01   1.20451604E+00   2.35845893E-01   4.35208354E-01   2.58646345E-01
    140000   2.80000000E+03   1.96210019E-06   2.95815396E-01   1.16507349E+00   1.85558829E-01   4.35208354E-01   2.58277607E-01
    141000   2.82000000E+03   2.26826698E-06  -5.64207841E-02   1.14817557E+00   2.19260457E-01   4.35208354E-01   2.57936218E-01
    142000   2.84000000E+03   2.01683850E-06   2.21076761E-01   1.16162934E+00   2.41330474E-01   4.35208354E-01   2.57601700E-01
    143000   2.86000000E+03   1.73192799E-06  -3.36647958E-01   1.13145098E+00   1.70710943E-01   4.35208354E-01   2.57294953E-01
    144000   2.88000000E+03   5.02604965E-06   6.06108895E-01   1.16403128E+00   2.57644522E-01   4.35208354E-01   2.56989989E-01
    145000   2.90000000E+03   4.25208643E-06  -6.31238359E-01   1.19159615E+00   2.17998118E-01   4.35208354E-01   2.56709770E-01
    146000   2.92000000E+03   1.11074788E-06   7.68518535E-02   1.18021912E+00   3.42513042E-01   4.35208354E-01   2.56431204E-01
    147000   2.94000000E+03   1.85109937E-06   2.04537058E-01   1.15286274E+00   3.77945160E-01   4.35208354E-01   2.56173829E-01
    148000   2.96000000E+03   1.97974509E-06  -3.96647668E-01   1.23562666E+00   2.15790993E-01   4.35208354E-01   2.55918328E-01
    149000   2.98000000E+03   1.90022887E-06  -4.16646003E-01   1.15578876E+00   2.02216346E-01   4.35208354E-01   2.55680749E-01
    150000   3.00000000E+03   1.45368611E-06   2.03153992E-01   1.19214586E+00   1.93840241E-01   4.35208354E-01   2.55687049E-01
    151000   3.02000000E+03   1.11161671E-06  -3.50297855E-02   1.29620752E+00   2.06518117E-01   4.35208354E-01   2.55463780E-01
    152000   3.04000000E+03   2.37956711E-06  -2.35501181E-01   1.22776281E+00   1.91641567E-01   4.35208354E-01   2.55241100E-01
    153000   3.06000000E+03   1.14824437E-06   5.97242209E-02   1.34571936E+00   2.07134078E-01   4.35208354E-01   2.55033454E-01
    154000   3.08000000E+03   1.61501299E-06   1.70823819E-01   1.20259472E+00   2.07859455E-01   4.35208354E-01   2.54827126E-01
    155000   3.10000000E+03   1.66938853E-06  -2.25890418E-01   1.32794032E+00   1.83525643E-01   4.35208354E-01   2.54634966E-01
    156000   3.12000000E+03   9.54566534E-07  -1.78642069E-02   1.19787074E+00   1.78994874E-01   4.35208354E-01   2.54443198E-01
    157000   3.14000000E+03   3.40905645E-06  -4.84114234E-01   1.15560892E+00   2.80250989E-01   4.35208354E-01   2.54264629E-01
    158000   3.16000000E+03   5.62372405E-06   7.91476369E-01   1.16532284E+00   2.03198624E-01   4.35208354E-01   2.54086764E-01
    159000   3.18000000E+03   3.66712356E-06  -6.04854569E-01   1.35909408E+00   2.08873989E-01   4.35208354E-01   2.53920014E-01
    160000   3.20000000E+03   3.27162530E-06   3.92950685E-01   1.24308226E+00   1.85930548E-01   4.35208354E-01   2.53752785E-01
    161000   3.22000000E+03   1.93713427E-06  -1.33324490E-01   1.16000351E+00   2.31242745E-01   4.35208354E-01   2.53597707E-01
    162000   3.24000000E+03   3.82203867E-06   3.23660228E-01   1.18618496E+00   1.78194407E-01   4.35208354E-01   2.53440614E-01
    163000   3.26000000E+03   1.31390771E-06   2.31360249E-01   1.18915837E+00   2.27702449E-01   4.35208354E-01   2.53295231E-01
    164000   3.28000000E+03   1.32331889E-06   1.39456983E-01   1.21646920E+00   1.93551864E-01   4.35208354E-01   2.53148225E-01
    165000   3.30000000E+03   1.67523948E-06   8.54776910E-02   1.23228494E+00   2.13645726E-01   4.35208354E-01   2.53011984E-01
    166000   3.32000000E+03   6.17275582E-06  -9.78268969E-01   1.21942756E+00   1.82394869E-01   4.35208354E-01   2.52873746E-01
    167000   3.34000000E+03   4.22543854E-06   7.22561326E-01   1.18317923E+00   2.34533633E-01   4.35208354E-01   2.52745341E-01
    168000   3.36000000E+03   6.15678045E-06  -7.89058389E-01   1.23595769E+00   2.00695462E-01   4.35208354E-01   2.52614875E-01
    169000   3.38000000E+03   6.72379474E-06   7.25175936E-01   1.29026850E+00   2.09532314E-01   4.35208354E-01   2.52493456E-01
    170000   3.40000000E+03   3.75214994E-06  -4.71574549E-01   1.31954004E+00   2.29721655E-01   4.35208354E-01   2.52370620E-01
    171000   3.42000000E+03   2.54003522E-06   2.02987314E-01   1.19467819E+00   1.86571871E-01   4.35208354E-01   2.52256709E-01
    172000   3.44000000E+03   1.37222142E-06  -2.34085541E-02   1.29252339E+00   2.43834609E-01   4.35208354E-01   2.52140490E-01
    173000   3.46000000E+03   5.52756093E-06   6.43374473E-01   1.25143376E+00   2.41577375E-01   4.35208354E-01   2.52032094E-01
    174000   3.48000000E+03   6.64307830E-06  -9.59313253E-01   1.23245974E+00   2.25806117E-01   4.35208354E-01   2.51921870E-01
    175000   3.50000000E+03   4.96987658E-06   8.26247709E-01   1.23316138E+00   2.69046885E-01   4.35208354E-01   2.51819564E-01
    176000   3.52000000E+03   1.23711231E-06  -8.34774107E-02   1.14501125E+00   1.92603494E-01   4.35208354E-01   2.51715103E-01
    177000   3.54000000E+03   1.36554334E-06  -1.44920722E-01   1.17109219E+00   3.56641829E-01   4.35208354E-01   2.51618342E-01
    178000   3.56000000E+03   3.37175946E-06   2.04749940E-01   1.24588575E+00   1.72519839E-01   4.35208354E-01   2.51518952E-01
    179000   3.58000000E+03   2.06653474E-06  -3.40516761E-01   1.18557041E+00   1.77175412E-01   4.35208354E-01   2.51429078E-01
    180000   3.60000000E+03   2.96075325E-06   4.28039655E-01   1.17969519E+00   2.57233597E-01   4.35208354E-01   2.51335002E-01
    181000   3.62000000E+03   9.82975638E-07  -1.54299346E-02   1.22858671E+00   2.53934124E-01   4.35208354E-01   2.51247983E-01
    182000   3.64000000E+03   3.13949460E-06   5.56637188E-01   1.20327002E+00   2.13114040E-01   4.35208354E-01   2.51158212E-01
    183000   3.66000000E+03   2.37553261E-06  -2.79721963E-01   1.21185289E+00   2.34311861E-01   4.35208354E-01   2.51075029E-01
    184000   3.68000000E+03   1.05842913E-06  -2.06461475E-01   1.12522828E+00   1.98554813E-01   4.35208354E-01   2.50989516E-01
    185000   3.70000000E+03   3.66589513E-06   5.12082095E-01   1.23963117E+00   2.26069489E-01   4.35208354E-01   2.50910452E-01
    186000   3.72000000E+03   9.82245352E-07   1.73892883E-01   1.17305508E+00   1.73636008E-01   4.35208354E-01   2.50828704E-01
    187000   3.74000000E+03   3.04010832E-06  -4.26668822E-01   1.26811948E+00   1.98310382E-01   4.35208354E-01   2.50753425E-01
    188000   3.76000000E+03   2.43014818E-06   3.76173905E-01   1.22093656E+00   2.52899508E-01   4.35208354E-01   2.50675361E-01
    189000   3.78000000E+03   1.73841412E-06  -6.95512385E-02   1.15978483E+00   3.05534194E-01   4.35208354E-01   2.50603656E-01
    190000   3.80000000E+03   1.43622115E-06  -2.59252574E-01   1.23234191E+00   1.78558287E-01   4.35208354E-01   2.50529081E-01
    191000   3.82000000E+03   1.87649998E-06   1.36380756E-01   1.21547767E+00   1.72538891E-01   4.35208354E-01   2.50460238E-01
    192000   3.84000000E+03   1.91145821E-06  -3.65289665E-01   1.30402581E+00   2.37671969E-01   4.35208354E-01   2.50388815E-01
    193000   3.86000000E+03   5.86724008E-06   1.13180554E+00   1.20344186E+00   2.96213908E-01   4.35208354E-01   2.50323043E-01
    194000   3.88000000E+03   6.72897649E-06  -1.25414423E+00   1.19269777E+00   3.37412557E-01   4.35208354E-01   2.50254428E-01
    195000   3.90000000E+03   6.79982745E-06   1.01997672E+00   1.15377920E+00   2.11250262E-01   4.35208354E-01   2.50191677E-01
    196000   3.92000000E+03   6.69770516E-06  -1.04786712E+00   1.23337741E+00   2.89878441E-01   4.35208354E-01   2.50125941E-01
    197000   3.94000000E+03   8.64406476E-06   1.37491039E+00   1.17867799E+00   2.18156301E-01   4.35208354E-01   2.50065795E-01
    198000   3.96000000E+03   3.78149622E-06  -6.92649635E-01   1.18423730E+00   2.31105871E-01   4.35208354E-01   2.50002757E-01
    199000   3.98000000E+03   2.28880444E-06   1.05177829E-01   1.15564703E+00   2.16589265E-01   4.35208354E-01   2.49944836E-01
    200000   4.00000000E+03   3.00670464E-06  -5.70796189E-01   1.20973214E+00   2.14022342E-01   4.35208354E-01   2.50004759E-01
    201000   4.02000000E+03   1.81193116E-06   7.72109493E-02   1.19070910E+00   1.87042864E-01   4.35208354E-01   2.49948183E-01
    202000   4.04000000E+03   1.39348433E-06   1.42287538E-01   1.28233130E+00   1.87027426E-01   4.35208354E-01   2.49888741E-01
    203000   4.06000000E+03   3.20792335E-06   1.20984085E-01   1.32523923E+00   2.31460213E-01   4.35208354E-01   2.49834425E-01
    204000   4.08000000E+03   1.23999157E-06   1.83520087E-01   1.16804120E+00   1.71659716E-01   4.35208354E-01   2.49777199E-01
    205000   4.10000000E+03   3.46003838E-06  -6.03854616E-02   1.24283814E+00   2.15909277E-01   4.35208354E-01   2.49724673E-01
    206000   4.12000000E+03   4.11103795E-06   6.30609704E-01   1.24772281E+00   2.70511192E-01   4.35208354E-01   2.49669775E-01
    207000   4.14000000E+03   1.94723151E-06  -3.64778989E-01   1.20424080E+00   1.86599129E-01   4.35208354E-01   2.49619396E-01
    208000   4.16000000E+03   2.20603449E-06   3.33891030E-01   1.20246814E+00   2.42853780E-01   4.35208354E-01   2.49566368E-01
    209000   4.18000000E+03   1.51358119E-06  -4.36755717E-02   1.15069108E+00   1.97840262E-01   4.35208354E-01   2.49517577E-01
    210000   4.20000000E+03   3.70372954E-06  -4.17420234E-01   1.19863257E+00   1.89997339E-01   4.35208354E-01   2.49466362E-01
    211000   4.22000000E+03   9.62981647E-07  -1.52418946E-02   1.18577348E+00   1.71105887E-01   4.35208354E-01   2.49419527E-01
    212000   4.24000000E+03   2.09574251E-06   3.21013847E-01   1.14424808E+00   1.48918906E-01   4.35208354E-01   2.49370145E-01
    213000   4.26000000E+03   2.59801081E-06  -3.50402775E-01   1.24111319E+00   2.23764613E-01   4.35208354E-01   2.49324781E-01
    214000   4.28000000E+03   4.77560156E-06   7.81818051E-01   1.19355502E+00   1.94739395E-01   4.35208354E-01   2.49277094E-01
    215000   4.30000000E+03   2.50575771E-06  -4.42317607E-01   1.21416463E+00   2.19893546E-01   4.35208354E-01   2.49233308E-01
    216000   4.32000000E+03   4.51494524E-06   6.67081758E-01   1.26526564E+00   2.22872310E-01   4.35208354E-01   2.49187462E-01
    217000   4.34000000E+03   4.57542483E-06  -9.02129340E-01   1.15897043E+00   2.03461378E-01   4.35208354E-01   2.49145567E-01
    218000   4.36000000E+03   4.22223224E-06   8.54554724E-01   1.26356046E+00   2.38019875E-01   4.35208354E-01   2.49100977E-01
    219000   4.38000000E+03   5.37776878E-06  -8.46814776E-01   1.18751907E+00   1.85831295E-01   4.35208354E-01   2.49060643E-01
    220000   4.40000000E+03   3.08263638E-06   5.86791397E-01   1.36373351E+00   2.28788276E-01   4.35208354E-01   2.49017395E-01
    221000   4.42000000E+03   3.56253378E-06  -4.07568994E-01   1.20237861E+00   2.51533472E-01   4.35208354E-01   2.48978308E-01
    222000   4.44000000E+03   2.31091563E-06   1.47249388E-01   1.25639983E+00   2.05935643E-01   4.35208354E-01   2.48936927E-01
    223000   4.46000000E+03   4.13686996E-06   5.10041174E-01   1.20492526E+00   2.68680364E-01   4.35208354E-01   2.48901397E-01
    224000   4.48000000E+03   4.20465446E-06  -7.63520711E-01   1.22715321E+00   2.48814177E-01   4.35208354E-01   2.48861039E-01
    225000   4.50000000E+03   3.17763416E-06   4.86482100E-01   1.16745281E+00   2.14466205E-01   4.35208354E-01   2.48824639E-01
    226000   4.52000000E+03   6.69489382E-06  -1.10685966E+00   1.14422478E+00   2.15467106E-01   4.35208354E-01   2.48785431E-01
    227000   4.54000000E+03   4.71468217E-06   6.38717841E-01   1.18011069E+00   2.57833389E-01   4.35208354E-01   2.48749974E-01
    228000   4.56000000E+03   5.32724747E-06  -7.62780113E-01   1.27604950E+00   2.35326768E-01   4.35208354E-01   2.48711960E-01
    229000   4.58000000E+03   4.32101611E-06   4.52254076E-01   1.20993871E+00   2.08664742E-01   4.35208354E-01   2.48677313E-01
    230000   4.60000000E+03   1.24784575E-06  -2.34502269E-01   1.16583611E+00   2.13062217E-01   4.35208354E-01   2.48640762E-01
    231000   4.62000000E+03   6.77076368E-06   9.14854231E-01   1.15132904E+00   1.76903105E-01   4.35208354E-01   2.48607470E-01
    232000   4.64000000E+03   9.60998851E-06  -1.38569573E+00   1.32861601E+00   2.40416877E-01   4.35208354E-01   2.48572119E-01
    233000   4.66000000E+03   1.03395193E-05   1.10817052E+00   1.15743345E+00   1.50864343E-01   4.35208354E-01   2.48540066E-01
    234000   4.68000000E+03   5.47159273E-06  -8.30370969E-01   1.20523583E+00   2.05448230E-01   4.35208354E-01   2.48505732E-01
    235000   4.70000000E+03   3.45323973E-06   4.26699521E-01   1.27773695E+00   1.86221190E-01   4.35208354E-01   2.48474354E-01
    236000   4.72000000E+03   2.59188890E-06   8.02727662E-02   1.32779873E+00   2.12208532E-01   4.35208354E-01   2.48440787E-01
    237000   4.74000000E+03   4.28766048E-06  -4.87228051E-01   1.30021949E+00   2.12271340E-01   4.35208354E-01   2.48410551E-01
    238000   4.76000000E+03   3.11076986E-06   4.25723295E-01   1.20659102E+00   2.00654764E-01   4.35208354E-01   2.48377966E-01
    239000   4.78000000E+03   9.09053816E-07   1.49342538E-02   1.21563753E+00   2.05556050E-01   4.35208354E-01   2.48348622E-01
    240000   4.80000000E+03   9.92524704E-07  -8.87593783E-02   1.14278587E+00   1.97651867E-01   4.35208354E-01   2.48316939E-01
    241000   4.82000000E+03   1.20689823E-06  -2.89817878E-02   1.44738915E+00   1.71311606E-01   4.35208354E-01   2.48288341E-01
    242000   4.84000000E+03   1.45728414E-06  -7.41901310E-02   1.18838378E+00   1.95856397E-01   4.35208354E-01   2.48257316E-01
    243000   4.86000000E+03   1.63828999E-06  -1.14153343E-01   1.22118430E+00   2.07742508E-01   4.35208354E-01   2.48229234E-01
    244000   4.88000000E+03   3.41779243E-06  -5.01013501E-01   1.23066016E+00   1.94336507E-01   4.35208354E-01   2.48199139E-01
    245000   4.90000000E+03   1.95557102E-06   2.99973697E-01   1.21368986E+00   1.88304390E-01   4.35208354E-01   2.48172127E-01
    246000   4.92000000E+03   1.83130961E-06  -2.84071225E-02   1.23863660E+00   1.74985757E-01   4.35208354E-01   2.48142689E-01
    247000   4.94000000E+03   2.89957325E-06  -3.14704441E-01   1.18088352E+00   2.05117715E-01   4.35208354E-01   2.48116034E-01
    248000   4.96000000E+03   2.33700764E-06   4.12306299E-01   1.26935796E+00   1.92177582E-01   4.35208354E-01   2.48087407E-01
    249000   4.98000000E+03   1.12894123E-06   1.34900632E-01   1.26080821E+00   1.87691846E-01   4.35208354E-01   2.48061794E-01
    250000   5.00000000E+03   1.18194319E-06  -1.41958683E-01   1.40168067E+00   2.10219040E-01   4.35208354E-01   2.48113954E-01
    251000   5.02000000E+03   3.04625564E-06   5.16079309E-01   1.20149928E+00   1.99894227E-01   4.35208354E-01   2.48088414E-01
    252000   5.04000000E+03   4.77652824E-06  -8.88439610E-01   1.17732422E+00   2.37696750E-01   4.35208354E-01   2.48060536E-01
    253000   5.06000000E+03   4.78773967E-06   7.44481485E-01   1.18242307E+00   1.95835081E-01   4.35208354E-01   2.48035825E-01
    254000   5.08000000E+03   2.07904703E-06  -3.43936293E-01   1.20710308E+00   1.90958330E-01   4.35208354E-01   2.48008870E-01
    255000   5.10000000E+03   1.01386728E-06  -1.18744125E-01   1.31211610E+00   1.77769337E-01   4.35208354E-01   2.47984612E-01
    256000   5.12000000E+03   4.23847755E-06   4.75126922E-01   1.21794727E+00   2.02636908E-01   4.35208354E-01   2.47958369E-01
    257000   5.14000000E+03   3.22083221E-06  -3.13041814E-01   1.26035883E+00   2.74699322E-01   4.35208354E-01   2.47934950E-01
    258000   5.16000000E+03   2.41223956E-06   3.78733146E-01   1.19509544E+00   2.13743363E-01   4.35208354E-01   2.47909273E-01
    259000   5.18000000E+03   1.11894310E-06  -5.59741203E-02   1.25612885E+00   1.70509269E-01   4.35208354E-01   2.47886157E-01
    260000   5.20000000E+03   2.89498042E-06  -4.98883874E-01   1.28528536E+00   1.73635666E-01   4.35208354E-01   2.47861208E-01
    261000   5.22000000E+03   3.61259612E-06   5.68187711E-01   1.25417391E+00   2.15729794E-01   4.35208354E-01   2.47838702E-01
    262000   5.24000000E+03   2.59006072E-06  -4.05905491E-01   1.24486783E+00   1.98753290E-01   4.35208354E-01   2.47814190E-01
    263000   5.26000000E+03   1.11066103E-06  -1.59849643E-01   1.18664359E+00   1.88497883E-01   4.35208354E-01   2.47792242E-01
    264000   5.28000000E+03   5.51788186E-06   7.20392871E-01   1.54066431E+00   2.32035353E-01   4.35208354E-01   2.47768469E-01
    265000   5.30000000E+03   4.85423793E-06  -7.16762984E-01   1.27924876E+00   1.93828945E-01   4.35208354E-01   2.47747047E-01
    266000   5.32000000E+03   3.89871351E-06   5.88672221E-01   1.18306927E+00   2.16590960E-01   4.35208354E-01   2.47723922E-01
    267000   5.34000000E+03   2.26646575E-06  -2.29802894E-01   1.23285442E+00   1.57042780E-01   4.35208354E-01   2.47703014E-01
    268000   5.36000000E+03   3.10277996E-06  -4.54670803E-01   1.17523124E+00   2.16963719E-01   4.35208354E-01   2.47680134E-01
    269000   5.38000000E+03   3.41935583E-06   4.09944054E-01   1.22897935E+00   2.76019511E-01   4.35208354E-01   2.47659816E-01
    270000   5.40000000E+03   3.22962475E-06  -3.54587576E-01   1.23359097E+00   1.86243110E-01   4.35208354E-01   2.47637576E-01
    271000   5.42000000E+03   2.30005471E-06   2.86682084E-01   1.21889455E+00   2.34131202E-01   4.35208354E-01   2.47617735E-01
    272000   5.44000000E+03   8.35908124E-07   3.70972645E-02   1.25660150E+00   2.53720067E-01   4.35208354E-01   2.47596033E-01
    273000   5.46000000E+03   1.11645519E-06  -8.47138416E-02   1.20057815E+00   2.42651312E-01   4.35208354E-01   2.47576518E-01
    274000   5.48000000E+03   2.06277244E-06  -3.98868185E-01   1.23718594E+00   2.41863448E-01   4.35208354E-01   2.47555457E-01
    275000   5.50000000E+03   2.86754314E-06   4.58383038E-01   1.30474690E+00   1.98281868E-01   4.35208354E-01   2.47536564E-01
    276000   5.52000000E+03   1.34828930E-06  -2.63459166E-01   1.17651470E+00   2.84357886E-01   4.35208354E-01   2.47515883E-01
    277000   5.54000000E+03   1.35801233E-06   2.26003385E-01   1.18487331E+00   1.99616177E-01   4.35208354E-01   2.47497394E-01
    278000   5.56000000E+03   2.42171624E-06   2.39646645E-01   1.14249480E+00   2.37212032E-01   4.35208354E-01   2.47477292E-01
    279000   5.58000000E+03   1.43633176E-06  -9.74664061E-02   1.16217313E+00   2.08534477E-01   4.35208354E-01   2.47459222E-01
    280000   5.60000000E+03   2.03318769E-06   7.95654385E-02   1.21089682E+00   2.05617727E-01   4.35208354E-01   2.47439405E-01
    281000   5.62000000E+03   3.17919343E-06  -2.94602033E-01   1.23592812E+00   2.01708509E-01   4.35208354E-01   2.47421823E-01
    282000   5.64000000E+03   4.17175977E-06   7.40644664E-01   1.17084262E+00   2.16732946E-01   4.35208354E-01   2.47402420E-01
    283000   5.66000000E+03   1.41040003E-06  -2.77779815E-01   1.18079286E+00   2.61195923E-01   4.35208354E-01   2.47385212E-01
    284000   5.68000000E+03   1.10412526E-06   9.87899968E-03   1.28155141E+00   1.84481954E-01   4.35208354E-01   2.47366109E-01
    285000   5.70000000E+03   2.05170571E-06   3.09627614E-01   1.19449391E+00   2.21712392E-01   4.35208354E-01   2.47349397E-01
    286000   5.72000000E+03   1.06647458E-06   2.94768752E-02   1.17896208E+00   2.44422110E-01   4.35208354E-01   2.47330787E-01
    287000   5.74000000E+03   8.52186612E-07  -7.46477545E-02   1.22136119E+00   2.07229837E-01   4.35208354E-01   2.47314348E-01
    288000   5.76000000E+03   1.17308670E-06  -2.48886436E-01   1.18142620E+00   1.84381440E-01   4.35208354E-01   2.47297006E-01
    289000   5.78000000E+03   3.66141353E-06   5.35746707E-01   1.17143541E+00   2.12576130E-01   4.35208354E-01   2.47283517E-01
    290000   5.80000000E+03   2.85258514E-06  -4.30015958E-01   1.24255039E+00   1.69443393E-01   4.35208354E-01   2.47265593E-01
    291000   5.82000000E+03   3.76560456E-06   5.89994826E-01   1.17884389E+00   1.93627804E-01   4.35208354E-01   2.47249954E-01
    292000   5.84000000E+03   1.55034930E-06  -2.16991898E-01   1.21594117E+00   1.87272974E-01   4.35208354E-01   2.47232336E-01
    293000   5.86000000E+03   4.98838959E-06   8.31922530E-01   1.20630440E+00   1.94907746E-01   4.35208354E-01   2.47216876E-01
    294000   5.88000000E+03   7.47724943E-06  -1.09097653E+00   1.16369260E+00   2.25315725E-01   4.35208354E-01   2.47199563E-01
    295000   5.90000000E+03   6.90801982E-06   1.05107151E+00   1.18314341E+00   1.88916096E-01   4.35208354E-01   2.47184682E-01
    296000   5.92000000E+03   1.11305971E-06  -3.93181003E-02   1.19164213E+00   1.74462187E-01   4.35208354E-01   2.47167870E-01
    297000   5.94000000E+03   2.19525478E-06  -3.67143475E-01   1.20979502E+00   2.36921706E-01   4.35208354E-01   2.47153177E-01
    298000   5.96000000E+03   3.69328394E-06   4.84637931E-01   1.16195673E+00   1.50163117E-01   4.35208354E-01   2.47136643E-01
    299000   5.98000000E+03   1.44132312E-06  -2.82595568E-01   1.24280020E+00   2.20060097E-01   4.35208354E-01   2.47122183E-01
    300000   6.00000000E+03   3.10319409E-06   6.00090957E-01   1.20458905E+00   2.06515752E-01   4.35208354E-01   2.47166106E-01
