iteration time L2_div global_div Linf_vel CFL Peclet wall_seconds_per_step
      1000   2.00000000E+01   6.83078367E-06  -1.17933652E+00   1.29017228E+00   2.63510788E-01   4.35208354E-01   1.77270592E-01
      2000   4.00000000E+01   6.96642703E-06   4.34781640E-01   1.29443326E+00   2.25953725E-01   4.35208354E-01   1.77205799E-01
      3000   6.00000000E+01   6.66695173E-06  -6.51857410E-01   1.24473663E+00   2.79545766E-01   4.35208354E-01   1.77173106E-01
      4000   8.00000000E+01   4.13954139E-06  -4.33467199E-01   1.36541992E+00   1.80888197E-01   4.35208354E-01   1.77146300E-01
      5000   1.00000000E+02   4.38601340E-06   3.92665396E-01   1.21263958E+00   2.08531166E-01   4.35208354E-01   1.77132949E-01
      6000   1.20000000E+02   4.49334689E-06  -5.58950087E-01   1.18287753E+00   2.39715468E-01   4.35208354E-01   1.77124224E-01
      7000   1.40000000E+02   3.21921456E-06   4.28333091E-01   1.14660043E+00   2.00062855E-01   4.35208354E-01   1.77114794E-01
      8000   1.60000000E+02   3.22754164E-06  -3.62940936E-01   1.17262463E+00   2.08376023E-01   4.35208354E-01   1.77110200E-01
      9000   1.80000000E+02   2.90779370E-06   3.59007919E-01   1.27257854E+00   1.47553145E-01   4.35208354E-01   1.77112048E-01
     10000   2.00000000E+02   1.78682450E-06   2.05894329E-02   1.17408913E+00   1.85286807E-01   4.35208354E-01   1.77108210E-01
     11000   2.20000000E+02   1.89123408E-06   2.46706893E-02   1.31089873E+00   1.90453377E-01   4.35208354E-01   1.77103616E-01
     12000   2.40000000E+02   2.00340205E-06   2.65785913E-01   1.19877817E+00   2.08431474E-01   4.35208354E-01   1.77101853E-01
     13000   2.60000000E+02   1.94846560E-06  -6.01720785E-02   1.27253374E+00   2.27043329E-01   4.35208354E-01   1.77098049E-01
     14000   2.80000000E+02   1.97185652E-06   2.97546997E-01   1.20653421E+00   2.12136780E-01   4.35208354E-01   1.77099497E-01
     15000   3.00000000E+02   1.85055674E-06  -9.92989410E-02   1.22514729E+00   1.88706236E-01   4.35208354E-01   1.77101628E-01
     16000   3.20000000E+02   1.75356063E-06   2.08474115E-01   1.17034285E+00   1.81905952E-01   4.35208354E-01   1.77104007E-01
     17000   3.40000000E+02   1.49855536E-06  -9.96795291E-04   1.26649331E+00   1.99080021E-01   4.35208354E-01   1.77104483E-01
     18000   3.60000000E+02   1.49054115E-06   3.96764336E-02   1.17087385E+00   2.27500182E-01   4.35208354E-01   1.77104371E-01
     19000   3.80000000E+02   1.55671737E-06   5.47963504E-02   1.19049284E+00   2.11660932E-01   4.35208354E-01   1.77104954E-01
     20000   4.00000000E+02   1.60491976E-06  -4.47216630E-02   1.25843955E+00   1.94320640E-01   4.35208354E-01   1.77708150E-01
     21000   4.20000000E+02   1.54183887E-06   6.76672133E-02   1.23982978E+00   1.95227843E-01   4.35208354E-01   1.77679902E-01
     22000   4.40000000E+02   1.67849564E-06  -8.37531134E-02   1.16102203E+00   2.07214923E-01   4.35208354E-01   1.77653978E-01
     23000   4.60000000E+02   1.77452510E-06   4.13588173E-02   1.21468016E+00   3.34893135E-01   4.35208354E-01   1.77632028E-01
     24000   4.80000000E+02   1.50412601E-06  -5.65259281E-02   1.17478857E+00   1.96418108E-01   4.35208354E-01   1.77609561E-01
     25000   5.00000000E+02   1.46643390E-06  -4.52771510E-03   1.20988604E+00   1.82110371E-01   4.35208354E-01   1.77589756E-01
     26000   5.20000000E+02   1.53930893E-06  -9.67285584E-03   1.20723271E+00   2.05488932E-01   4.35208354E-01   1.77571187E-01
     27000   5.40000000E+02   1.97310768E-06  -2.58524258E-01   1.32182599E+00   2.49791811E-01   4.35208354E-01   1.77555328E-01
     28000   5.60000000E+02   4.31117381E-06   4.37652445E-01   1.22011036E+00   1.95099242E-01   4.35208354E-01   1.77539544E-01
     29000   5.80000000E+02   4.19140368E-06  -7.86791666E-01   1.23209499E+00   1.88985395E-01   4.35208354E-01   1.77524021E-01
     30000   6.00000000E+02   2.47159279E-06   2.51267986E-01   1.20635347E+00   2.26743338E-01   4.35208354E-01   1.77512254E-01
     31000   6.20000000E+02   6.91832510E-06  -1.08881433E+00   1.20698814E+00   2.61608971E-01   4.35208354E-01   1.77499587E-01
     32000   6.40000000E+02   5.89677919E-06   5.50060915E-01   1.20218756E+00   2.61699279E-01   4.35208354E-01   1.77486648E-01
     33000   6.60000000E+02   6.33141319E-06  -3.45715940E-01   1.16801110E+00   2.42602751E-01   4.35208354E-01   1.77475540E-01
     34000   6.80000000E+02   4.53030433E-06   3.15218189E-01   1.12537945E+00   2.71963398E-01   4.35208354E-01   1.77464379E-01
     35000   7.00000000E+02   1.16459042E-05  -9.02266189E-01   1.15479705E+00   2.02852651E-01   4.35208354E-01   1.77455388E-01
     36000   7.20000000E+02   9.01327349E-06   1.21529042E+00   1.28208754E+00   2.16847229E-01   4.35208354E-01   1.77445307E-01
     37000   7.40000000E+02   2.53411544E-05  -4.11624359E+00   1.19414877E+00   1.84781720E-01   4.35208354E-01   1.77435723E-01
     38000   7.60000000E+02   1.26900617E-05   1.06979683E+00   1.21784424E+00   2.05490733E-01   4.35208354E-01   1.77426655E-01
     39000   7.80000000E+02   1.30424272E-05  -1.42216866E+00   1.23061858E+00   2.09901867E-01   4.35208354E-01   1.77419639E-01
     40000   8.00000000E+02   9.35633899E-06   1.41964253E-01   1.24212321E+00   3.01629098E-01   4.35208354E-01   1.77714779E-01
     41000   8.20000000E+02   9.97292368E-06  -7.60230699E-01   1.20468098E+00   2.08156983E-01   4.35208354E-01   1.77700832E-01
     42000   8.40000000E+02   1.08761865E-05   4.98621548E-01   1.21743206E+00   2.46897161E-01   4.35208354E-01   1.77686531E-01
     43000   8.60000000E+02   1.26861893E-05  -1.90754070E+00   1.15244991E+00   2.50419731E-01   4.35208354E-01   1.77673037E-01
     44000   8.80000000E+02   8.55781353E-06   6.73336753E-01   1.16009035E+00   2.04897621E-01   4.35208354E-01   1.77660186E-01
     45000   9.00000000E+02   8.36333944E-06  -1.94296753E+00   1.21907812E+00   1.95505461E-01   4.35208354E-01   1.77648179E-01
     46000   9.20000000E+02   6.83346738E-06   4.22498419E-01   1.17202951E+00   1.77844635E-01   4.35208354E-01   1.77636833E-01
     47000   9.40000000E+02   5.68200474E-06  -1.74687528E-01   1.21557346E+00   2.66044744E-01   4.35208354E-01   1.77625281E-01
     48000   9.60000000E+02   9.34346481E-06  -1.74300573E+00   1.25263956E+00   2.01687961E-01   4.35208354E-01   1.77615191E-01
     49000   9.80000000E+02   1.86071948E-05   2.27055099E+00   1.20451714E+00   2.04813859E-01   4.35208354E-01   1.77604561E-01
     50000   1.00000000E+03   2.12688458E-05  -3.53065073E+00   1.19936769E+00   1.96263897E-01   4.35208354E-01   1.77594009E-01
     51000   1.02000000E+03   2.20771228E-05   3.71909861E+00   1.15638105E+00   1.92269338E-01   4.35208354E-01   1.77584038E-01
     52000   1.04000000E+03   4.39175060E-06  -1.81989860E-01   1.32086859E+00   2.31755278E-01   4.35208354E-01   1.77574858E-01
     53000   1.06000000E+03   6.45281521E-06   5.93577794E-01   1.23590310E+00   2.10834323E-01   4.35208354E-01   1.77565644E-01
     54000   1.08000000E+03   6.58361423E-06   1.20095658E+00   1.18205249E+00   1.66161701E-01   4.35208354E-01   1.77556972E-01
     55000   1.10000000E+03   3.48872893E-06   5.24611121E-01   1.17995189E+00   2.08605932E-01   4.35208354E-01   1.77549267E-01
     56000   1.12000000E+03   6.10500057E-06  -1.26692715E-01   1.39817464E+00   2.28855549E-01   4.35208354E-01   1.77541171E-01
     57000   1.14000000E+03   6.64017614E-06  -4.96855768E-01   1.21717221E+00   2.28013960E-01   4.35208354E-01   1.77533562E-01
     58000   1.16000000E+03   5.98677451E-06  -6.38348838E-01   1.19040329E+00   1.94787655E-01   4.35208354E-01   1.77526389E-01
     59000   1.18000000E+03   6.23815035E-06  -2.77673294E-02   1.22404778E+00   3.14841827E-01   4.35208354E-01   1.77519486E-01
     60000   1.20000000E+03   7.31820086E-06   7.24464790E-01   1.19684493E+00   2.78320662E-01   4.35208354E-01   1.77712780E-01
     61000   1.22000000E+03   9.51206080E-06  -6.11065718E-01   1.22877746E+00   2.25008688E-01   4.35208354E-01   1.77702849E-01
     62000   1.24000000E+03   1.45999932E-05  -2.30053229E+00   1.17582237E+00   3.16406981E-01   4.35208354E-01   1.77693146E-01
     63000   1.26000000E+03   1.49375255E-05   2.25454310E+00   1.23665169E+00   1.75890860E-01   4.35208354E-01   1.77684277E-01
     64000   1.28000000E+03   8.98128132E-06  -1.43407915E+00   1.27983953E+00   1.91742982E-01   4.35208354E-01   1.77675298E-01
     65000   1.30000000E+03   6.32071470E-06  -1.43602825E-01   1.21653932E+00   1.57370028E-01   4.35208354E-01   1.77666423E-01
     66000   1.32000000E+03   1.00149453E-05   1.12083674E+00   1.31383623E+00   2.39685279E-01   4.35208354E-01   1.77658776E-01
     67000   1.34000000E+03   6.18581446E-06   1.07400066E+00   1.27737851E+00   2.07911797E-01   4.35208354E-01   1.77651043E-01
     68000   1.36000000E+03   8.46953504E-06   1.45645335E+00   1.24731388E+00   1.71437845E-01   4.35208354E-01   1.77642972E-01
     69000   1.38000000E+03   1.61740735E-05   1.54322548E+00   1.16613246E+00   2.22935145E-01   4.35208354E-01   1.78566107E-01
     70000   1.40000000E+03   1.16068870E-05   1.08803073E+00   1.20636161E+00   2.04043075E-01   4.35208354E-01   1.80402807E-01
     71000   1.42000000E+03   1.16745869E-05  -1.35133492E+00   1.20858550E+00   3.16972520E-01   4.35208354E-01   1.82187709E-01
     72000   1.44000000E+03   7.52689641E-06   8.87629155E-01   1.16009730E+00   1.69621016E-01   4.35208354E-01   1.83921616E-01
     73000   1.46000000E+03   3.91560425E-06  -1.84496097E-01   1.17740661E+00   2.03751374E-01   4.35208354E-01   1.85608309E-01
     74000   1.48000000E+03   1.10116311E-05  -2.26774753E+00   1.17381822E+00   3.03969104E-01   4.35208354E-01   1.87250737E-01
     75000   1.50000000E+03   1.14642573E-05   1.53791363E+00   1.25942532E+00   2.15925796E-01   4.35208354E-01   1.88847724E-01
     76000   1.52000000E+03   4.76563613E-06  -8.02149380E-01   1.15160726E+00   2.24229313E-01   4.35208354E-01   1.90403214E-01
     77000   1.54000000E+03   5.27411348E-06   7.34664644E-01   1.15381163E+00   2.11612612E-01   4.35208354E-01   1.91919005E-01
     78000   1.56000000E+03   4.92239540E-06  -8.80678305E-01   1.20599307E+00   1.80859190E-01   4.35208354E-01   1.93396796E-01
     79000   1.58000000E+03   4.75621555E-06  -8.20060538E-01   1.18170058E+00   2.09955466E-01   4.35208354E-01   1.94837014E-01
     80000   1.60000000E+03   5.60136906E-06   4.59314526E-01   1.20710504E+00   2.10969394E-01   4.35208354E-01   1.96417448E-01
     81000   1.62000000E+03   4.76222018E-06   6.34875281E-01   1.24978018E+00   4.10620064E-01   4.35208354E-01   1.97783771E-01
     82000   1.64000000E+03   5.42367567E-06   1.13625159E+00   1.18569029E+00   2.04146602E-01   4.35208354E-01   1.99116983E-01
     83000   1.66000000E+03   5.69267592E-06   1.32160739E+00   1.13877721E+00   1.56355691E-01   4.35208354E-01   2.00418475E-01
     84000   1.68000000E+03   4.11778136E-06   1.44683570E-01   1.22216565E+00   2.01930429E-01   4.35208354E-01   2.01687862E-01
     85000   1.70000000E+03   1.24441672E-05   1.67979067E+00   1.18400024E+00   1.97426041E-01   4.35208354E-01   2.02927982E-01
     86000   1.72000000E+03   1.50283992E-05  -1.68942225E+00   1.19847232E+00   2.27887792E-01   4.35208354E-01   2.04137960E-01
     87000   1.74000000E+03   1.40723761E-05   2.86200469E+00   1.17653287E+00   1.73497491E-01   4.35208354E-01   2.05322235E-01
     88000   1.76000000E+03   8.56126630E-06   5.84673189E-01   1.22546981E+00   2.13240988E-01   4.35208354E-01   2.06478785E-01
     89000   1.78000000E+03   1.62851426E-05  -2.43904623E+00   1.19976969E+00   1.82191780E-01   4.35208354E-01   2.07565790E-01
     90000   1.80000000E+03   1.87599888E-05   2.36616764E+00   1.18381596E+00   2.07237439E-01   4.35208354E-01   2.08672526E-01
     91000   1.82000000E+03   8.55407096E-06  -5.49945746E-01   1.18227049E+00   1.93546633E-01   4.35208354E-01   2.09754407E-01
     92000   1.84000000E+03   1.67801116E-05  -2.05162854E+00   1.15359009E+00   3.36028765E-01   4.35208354E-01   2.10812381E-01
     93000   1.86000000E+03   1.17231357E-05   2.17775737E+00   1.16322768E+00   2.29902522E-01   4.35208354E-01   2.11848674E-01
     94000   1.88000000E+03   5.94147605E-06   1.47789555E-01   1.26296678E+00   2.25308671E-01   4.35208354E-01   2.12862787E-01
     95000   1.90000000E+03   6.80502712E-06  -6.41630173E-01   1.18458221E+00   2.30456372E-01   4.35208354E-01   2.13854748E-01
     96000   1.92000000E+03   1.59808141E-05   2.35447231E+00   1.25848696E+00   1.78696745E-01   4.35208354E-01   2.14826442E-01
     97000   1.94000000E+03   1.27850126E-05  -2.15209187E+00   1.19025240E+00   2.04245364E-01   4.35208354E-01   2.15778921E-01
     98000   1.96000000E+03   1.04306612E-05   8.66552430E-01   1.17931541E+00   2.30526490E-01   4.35208354E-01   2.16711912E-01
     99000   1.98000000E+03   7.74609337E-06  -1.23988137E+00   1.14991876E+00   2.48775612E-01   4.35208354E-01   2.17625820E-01
    100000   2.00000000E+03   4.49593672E-06  -3.81750507E-01   1.23407402E+00   2.60350285E-01   4.35208354E-01   2.18659060E-01
