# NACA0012 Re=4.00e+05 cp vs x/c (upper block, then lower)
# upper
0.000339 -6.620124e-01
0.002965 -1.499187e+00
0.007368 -1.762472e+00
0.012671 -1.768587e+00
0.018335 -1.701733e+00
0.024306 -1.621327e+00
0.030563 -1.549626e+00
0.036930 -1.485018e+00
0.043248 -1.426958e+00
0.049706 -1.375791e+00
0.056234 -1.340338e+00
0.062767 -1.291326e+00
0.069243 -1.243451e+00
0.076012 -1.203842e+00
0.082647 -1.171122e+00
0.089096 -1.143470e+00
0.095762 -1.120061e+00
0.102643 -1.097577e+00
0.109255 -1.060917e+00
0.116048 -1.022266e+00
0.123017 -9.951924e-01
0.129645 -9.748840e-01
0.136420 -9.555074e-01
0.142803 -9.365405e-01
0.149854 -9.196466e-01
0.156487 -9.029847e-01
0.163236 -8.869847e-01
0.170099 -8.706511e-01
0.177074 -8.554486e-01
0.183564 -8.406086e-01
0.190144 -8.253894e-01
0.197423 -8.120707e-01
0.204186 -7.974283e-01
0.211033 -7.838344e-01
0.217329 -7.704739e-01
0.224332 -7.586045e-01
0.231413 -7.441899e-01
0.237917 -7.333422e-01
0.244483 -7.215642e-01
0.251774 -7.089669e-01
0.258464 -6.969523e-01
0.265212 -6.835699e-01
0.272014 -6.752027e-01
0.278870 -6.620669e-01
0.285778 -6.553687e-01
0.292039 -6.422443e-01
0.299041 -6.307208e-01
0.306091 -6.224912e-01
0.312475 -6.136928e-01
0.319611 -6.014389e-01
0.326069 -5.933961e-01
0.333283 -5.829840e-01
0.339810 -5.750865e-01
0.346368 -5.655648e-01
0.353688 -5.561386e-01
0.360305 -5.471086e-01
0.366950 -5.377097e-01
0.373620 -5.289924e-01
0.380314 -5.205618e-01
0.387778 -5.132218e-01
0.394518 -5.038752e-01
0.401279 -4.964681e-01
0.408059 -4.875047e-01
0.414856 -4.796302e-01
0.421669 -4.718070e-01
0.428497 -4.637935e-01
0.434578 -4.559543e-01
0.441431 -4.480420e-01
0.448295 -4.400765e-01
0.455169 -4.325815e-01
0.462052 -4.247425e-01
0.468942 -4.175736e-01
0.475837 -4.104284e-01
0.482738 -4.033200e-01
0.489641 -3.955472e-01
0.495780 -3.881810e-01
0.502686 -3.810501e-01
0.509591 -3.739804e-01
0.516495 -3.672944e-01
0.523396 -3.602473e-01
0.530292 -3.531482e-01
0.536418 -3.461378e-01
0.543302 -3.392382e-01
0.550178 -3.323426e-01
0.557044 -3.256929e-01
0.563900 -3.190972e-01
0.570743 -3.127721e-01
0.577573 -3.058690e-01
0.584388 -2.992627e-01
0.591187 -2.928837e-01
0.597968 -2.862786e-01
0.604731 -2.799030e-01
0.611474 -2.731680e-01
0.618196 -2.671093e-01
0.624895 -2.603284e-01
0.631570 -2.535063e-01
0.638220 -2.472121e-01
0.644844 -2.410550e-01
0.652171 -2.349129e-01
0.658735 -2.283256e-01
0.665269 -2.218379e-01
0.672491 -2.157388e-01
0.678957 -2.094267e-01
0.686101 -2.031066e-01
0.692493 -1.967459e-01
0.699552 -1.899953e-01
0.705866 -1.836061e-01
0.712834 -1.774063e-01
0.719752 -1.708358e-01
0.726619 -1.643584e-01
0.733432 -1.579208e-01
0.740191 -1.514053e-01
0.746892 -1.448687e-01
0.753536 -1.384411e-01
0.760120 -1.319918e-01
0.767291 -1.251954e-01
0.773745 -1.185515e-01
0.780769 -1.118253e-01
0.787085 -1.048279e-01
0.793955 -9.792171e-02
0.800741 -9.088755e-02
0.807441 -8.384909e-02
0.814054 -7.679941e-02
0.821165 -6.953380e-02
0.827589 -6.236073e-02
0.834489 -5.513470e-02
0.841277 -4.759541e-02
0.847948 -4.004584e-02
0.855042 -3.223241e-02
0.861466 -2.409708e-02
0.868286 -1.615456e-02
0.874959 -8.149025e-03
0.881979 +1.210084e-04
0.888822 +8.637848e-03
0.895486 +1.704395e-02
0.901968 +2.567593e-02
0.908706 +3.443819e-02
0.915655 +4.331944e-02
0.922353 +5.230565e-02
0.929191 +6.148919e-02
0.935736 +7.080167e-02
0.942701 +8.029360e-02
0.949289 +8.985367e-02
0.956125 +9.956645e-02
0.962780 +1.093495e-01
0.969700 +1.190594e-01
0.976398 +1.288151e-01
0.983079 +1.385139e-01
0.989775 +1.479315e-01
0.996603 +1.610865e-01
# lower
0.000368 +4.346286e-01
0.003049 +9.622429e-01
0.007500 +1.002580e+00
0.012843 +8.982979e-01
0.018541 +7.745745e-01
0.024543 +6.660176e-01
0.030828 +5.773231e-01
0.037220 +5.037431e-01
0.043561 +4.403569e-01
0.050040 +3.871419e-01
0.056588 +3.479691e-01
0.063139 +3.052877e-01
0.069633 +2.700958e-01
0.076419 +2.395485e-01
0.083070 +2.121816e-01
0.089533 +1.878813e-01
0.096214 +1.654631e-01
0.103109 +1.452369e-01
0.109734 +1.311126e-01
0.116540 +1.179122e-01
0.123522 +1.046301e-01
0.130161 +9.016826e-02
0.136948 +7.695270e-02
0.143340 +6.521355e-02
0.150402 +5.403708e-02
0.157045 +4.450279e-02
0.163803 +3.520346e-02
0.170676 +2.710613e-02
0.177660 +1.952167e-02
0.184158 +1.260421e-02
0.190747 +6.541204e-03
0.198035 +3.053185e-04
0.204805 -4.511669e-03
0.211660 -9.638199e-03
0.217963 -1.446495e-02
0.224972 -1.914504e-02
0.232061 -2.198278e-02
0.238571 -2.673978e-02
0.245143 -2.988382e-02
0.252441 -3.273945e-02
0.259137 -3.579498e-02
0.265889 -3.687463e-02
0.272697 -4.137793e-02
0.279558 -4.141115e-02
0.286472 -4.644387e-02
0.292737 -4.649794e-02
0.299744 -4.719307e-02
0.306799 -4.971890e-02
0.313187 -5.199572e-02
0.320327 -5.152973e-02
0.326788 -5.396576e-02
0.334007 -5.394526e-02
0.340537 -5.611583e-02
0.347098 -5.670959e-02
0.354422 -5.683532e-02
0.361042 -5.765222e-02
0.367690 -5.799368e-02
0.374362 -5.813253e-02
0.381059 -5.839294e-02
0.388526 -5.952767e-02
0.395269 -5.871244e-02
0.402032 -5.953058e-02
0.408813 -5.876013e-02
0.415612 -5.893568e-02
0.422427 -5.896277e-02
0.429257 -5.853941e-02
0.435339 -5.822113e-02
0.442193 -5.780110e-02
0.449059 -5.717331e-02
0.455934 -5.704159e-02
0.462817 -5.638950e-02
0.469708 -5.578015e-02
0.476604 -5.511837e-02
0.483505 -5.464325e-02
0.490409 -5.354349e-02
0.496547 -5.284125e-02
0.503453 -5.221305e-02
0.510359 -5.124997e-02
0.517262 -5.058974e-02
0.524163 -4.968008e-02
0.531058 -4.862790e-02
0.537183 -4.775927e-02
0.544066 -4.682419e-02
0.550941 -4.573060e-02
0.557807 -4.481060e-02
0.564661 -4.354125e-02
0.571503 -4.256534e-02
0.578331 -4.124902e-02
0.585144 -4.022061e-02
0.591941 -3.915204e-02
0.598721 -3.773779e-02
0.605482 -3.663758e-02
0.612222 -3.509655e-02
0.618941 -3.419927e-02
0.625638 -3.260200e-02
0.632310 -3.105797e-02
0.638958 -2.970611e-02
0.645578 -2.843028e-02
0.652902 -2.712841e-02
0.659463 -2.553171e-02
0.665993 -2.396906e-02
0.673212 -2.253938e-02
0.679673 -2.103498e-02
0.686813 -1.943463e-02
0.693201 -1.786583e-02
0.700256 -1.607983e-02
0.706565 -1.435479e-02
0.713528 -1.276250e-02
0.720442 -1.101793e-02
0.727303 -9.335616e-03
0.734111 -7.417973e-03
0.740863 -5.464075e-03
0.747559 -3.652152e-03
0.754197 -1.937081e-03
0.760775 -1.239146e-04
0.767939 +1.698044e-03
0.774386 +3.423088e-03
0.781403 +5.415042e-03
0.787713 +7.543006e-03
0.794575 +9.507096e-03
0.801353 +1.171875e-02
0.808046 +1.406819e-02
0.814650 +1.644056e-02
0.821753 +1.886179e-02
0.828168 +2.141832e-02
0.835059 +2.409156e-02
0.841837 +2.675360e-02
0.848499 +2.967955e-02
0.855582 +3.277728e-02
0.861995 +3.589834e-02
0.868804 +3.898720e-02
0.875466 +4.237514e-02
0.882474 +4.590123e-02
0.889304 +4.955112e-02
0.895955 +5.331812e-02
0.902424 +5.719151e-02
0.909148 +6.135414e-02
0.916081 +6.580862e-02
0.922763 +7.045841e-02
0.929584 +7.553229e-02
0.936112 +8.097244e-02
0.943057 +8.681337e-02
0.949625 +9.300044e-02
0.956439 +9.979854e-02
0.963070 +1.071561e-01
0.969963 +1.150100e-01
0.976630 +1.236878e-01
0.983276 +1.330507e-01
0.989929 +1.432630e-01
0.996691 +1.549133e-01
