# NACA0012 Re=4.00e+05 cf vs x/c (upper block, then lower)
# upper
0.000339 +3.136356e-02
0.002965 +2.712410e-02
0.007368 +2.166176e-02
0.012671 +1.693554e-02
0.018335 +1.333382e-02
0.024306 +1.077102e-02
0.030563 +8.804862e-03
0.036930 +7.365146e-03
0.043248 +6.120644e-03
0.049706 +5.303373e-03
0.056234 +4.330993e-03
0.062767 +3.368968e-03
0.069243 +3.459072e-03
0.076012 +3.722924e-03
0.082647 +3.771433e-03
0.089096 +3.768411e-03
0.095762 +3.733058e-03
0.102643 +4.115704e-03
0.109255 +5.344506e-03
0.116048 +7.070126e-03
0.123017 +7.898501e-03
0.129645 +7.948677e-03
0.136420 +7.967172e-03
0.142803 +7.921600e-03
0.149854 +7.765721e-03
0.156487 +7.670510e-03
0.163236 +7.450828e-03
0.170099 +7.373346e-03
0.177074 +7.221097e-03
0.183564 +7.096444e-03
0.190144 +6.987841e-03
0.197423 +6.913302e-03
0.204186 +6.796141e-03
0.211033 +6.753193e-03
0.217329 +6.723087e-03
0.224332 +6.653591e-03
0.231413 +6.685037e-03
0.237917 +6.670813e-03
0.244483 +6.590031e-03
0.251774 +6.630874e-03
0.258464 +6.592210e-03
0.265212 +6.777429e-03
0.272014 +6.650497e-03
0.278870 +6.869701e-03
0.285778 +6.268266e-03
0.292039 +6.616915e-03
0.299041 +6.923370e-03
0.306091 +6.796229e-03
0.312475 +6.630252e-03
0.319611 +6.177214e-03
0.326069 +6.324679e-03
0.333283 +6.036678e-03
0.339810 +6.087916e-03
0.346368 +5.904524e-03
0.353688 +5.810693e-03
0.360305 +5.711379e-03
0.366950 +5.629608e-03
0.373620 +5.537504e-03
0.380314 +5.439570e-03
0.387778 +5.322770e-03
0.394518 +5.196348e-03
0.401279 +5.147362e-03
0.408059 +5.026803e-03
0.414856 +4.959242e-03
0.421669 +4.922637e-03
0.428497 +4.842413e-03
0.434578 +4.702246e-03
0.441431 +4.599211e-03
0.448295 +4.546889e-03
0.455169 +4.478528e-03
0.462052 +4.415359e-03
0.468942 +4.342982e-03
0.475837 +4.295429e-03
0.482738 +4.242439e-03
0.489641 +4.193751e-03
0.495780 +4.070214e-03
0.502686 +4.066260e-03
0.509591 +3.998790e-03
0.516495 +3.950663e-03
0.523396 +3.915818e-03
0.530292 +3.862893e-03
0.536418 +3.780632e-03
0.543302 +3.729378e-03
0.550178 +3.716215e-03
0.557044 +3.657095e-03
0.563900 +3.600388e-03
0.570743 +3.567104e-03
0.577573 +3.515220e-03
0.584388 +3.488527e-03
0.591187 +3.426168e-03
0.597968 +3.355640e-03
0.604731 +3.330137e-03
0.611474 +3.302737e-03
0.618196 +3.254236e-03
0.624895 +3.212628e-03
0.631570 +3.180572e-03
0.638220 +3.125495e-03
0.644844 +3.110389e-03
0.652171 +3.045231e-03
0.658735 +3.030248e-03
0.665269 +2.975391e-03
0.672491 +2.957687e-03
0.678957 +2.922513e-03
0.686101 +2.861220e-03
0.692493 +2.830281e-03
0.699552 +2.814927e-03
0.705866 +2.791139e-03
0.712834 +2.737122e-03
0.719752 +2.681040e-03
0.726619 +2.646421e-03
0.733432 +2.593874e-03
0.740191 +2.552467e-03
0.746892 +2.528851e-03
0.753536 +2.461211e-03
0.760120 +2.419437e-03
0.767291 +2.385406e-03
0.773745 +2.346749e-03
0.780769 +2.308369e-03
0.787085 +2.272877e-03
0.793955 +2.193083e-03
0.800741 +2.144822e-03
0.807441 +2.118546e-03
0.814054 +2.085027e-03
0.821165 +2.029911e-03
0.827589 +1.979974e-03
0.834489 +1.947590e-03
0.841277 +1.885513e-03
0.847948 +1.843037e-03
0.855042 +1.786271e-03
0.861466 +1.724638e-03
0.868286 +1.645431e-03
0.874959 +1.614044e-03
0.881979 +1.560214e-03
0.888822 +1.471080e-03
0.895486 +1.418791e-03
0.901968 +1.343977e-03
0.908706 +1.286430e-03
0.915655 +1.210482e-03
0.922353 +1.138359e-03
0.929191 +1.061402e-03
0.935736 +9.968200e-04
0.942701 +8.987669e-04
0.949289 +8.132228e-04
0.956125 +7.272639e-04
0.962780 +6.368423e-04
0.969700 +5.373034e-04
0.976398 +4.345188e-04
0.983079 +3.550879e-04
0.989775 +2.442122e-04
0.996603 +1.366704e-04
# lower
0.000368 -2.726721e-02
0.003049 -7.161946e-03
0.007500 +3.038130e-03
0.012843 +7.189232e-03
0.018541 +8.532331e-03
0.024543 +9.023253e-03
0.030828 +8.845054e-03
0.037220 +8.574952e-03
0.043561 +8.046114e-03
0.050040 +7.769273e-03
0.056588 +7.975456e-03
0.063139 +8.503790e-03
0.069633 +8.278023e-03
0.076419 +7.912671e-03
0.083070 +7.522292e-03
0.089533 +7.111923e-03
0.096214 +6.763063e-03
0.103109 +6.777049e-03
0.109734 +7.310494e-03
0.116540 +7.834271e-03
0.123522 +7.892115e-03
0.130161 +7.456618e-03
0.136948 +7.081582e-03
0.143340 +6.785093e-03
0.150402 +6.490432e-03
0.157045 +6.272376e-03
0.163803 +6.031536e-03
0.170676 +5.909468e-03
0.177660 +5.737962e-03
0.184158 +5.623281e-03
0.190747 +5.533516e-03
0.198035 +5.487182e-03
0.204805 +5.409783e-03
0.211660 +5.386040e-03
0.217963 +5.371547e-03
0.224972 +5.334646e-03
0.232061 +5.345972e-03
0.238571 +5.358331e-03
0.245143 +5.298656e-03
0.252441 +5.335566e-03
0.259137 +5.330447e-03
0.265889 +5.427850e-03
0.272697 +5.383670e-03
0.279558 +5.556212e-03
0.286472 +5.207936e-03
0.292737 +5.416795e-03
0.299744 +5.653486e-03
0.306799 +5.620380e-03
0.313187 +5.552456e-03
0.320327 +5.415475e-03
0.326788 +5.462169e-03
0.334007 +5.350264e-03
0.340537 +5.338122e-03
0.347098 +5.234960e-03
0.354422 +5.207601e-03
0.361042 +5.153879e-03
0.367690 +5.110203e-03
0.374362 +5.065971e-03
0.381059 +5.005507e-03
0.388526 +4.926736e-03
0.395269 +4.850021e-03
0.402032 +4.824283e-03
0.408813 +4.749929e-03
0.415612 +4.715858e-03
0.422427 +4.698713e-03
0.429257 +4.645170e-03
0.435339 +4.546905e-03
0.442193 +4.477974e-03
0.449059 +4.450024e-03
0.455934 +4.402483e-03
0.462817 +4.365445e-03
0.469708 +4.310611e-03
0.476604 +4.279814e-03
0.483505 +4.244773e-03
0.490409 +4.220357e-03
0.496547 +4.125983e-03
0.503453 +4.132911e-03
0.510359 +4.085727e-03
0.517262 +4.056589e-03
0.524163 +4.030225e-03
0.531058 +3.999858e-03
0.537183 +3.938542e-03
0.544066 +3.905327e-03
0.550941 +3.905464e-03
0.557807 +3.855051e-03
0.564661 +3.815701e-03
0.571503 +3.799684e-03
0.578331 +3.763619e-03
0.585144 +3.750303e-03
0.591941 +3.694632e-03
0.598721 +3.642697e-03
0.605482 +3.636196e-03
0.612222 +3.623758e-03
0.618941 +3.583560e-03
0.625638 +3.550316e-03
0.632310 +3.539948e-03
0.638958 +3.505342e-03
0.645578 +3.501651e-03
0.652902 +3.440877e-03
0.659463 +3.447335e-03
0.665993 +3.411280e-03
0.673212 +3.411022e-03
0.679673 +3.381001e-03
0.686813 +3.332833e-03
0.693201 +3.323746e-03
0.700256 +3.331787e-03
0.706565 +3.317292e-03
0.713528 +3.274136e-03
0.720442 +3.237517e-03
0.727303 +3.221726e-03
0.734111 +3.175703e-03
0.740863 +3.154599e-03
0.747559 +3.160319e-03
0.754197 +3.107536e-03
0.760775 +3.083066e-03
0.767939 +3.076460e-03
0.774386 +3.055424e-03
0.781403 +3.033432e-03
0.787713 +3.018941e-03
0.794575 +2.951142e-03
0.801353 +2.921441e-03
0.808046 +2.915629e-03
0.814650 +2.907257e-03
0.821753 +2.872892e-03
0.828168 +2.835956e-03
0.835059 +2.828701e-03
0.841837 +2.785303e-03
0.848499 +2.766192e-03
0.855582 +2.735489e-03
0.861995 +2.701874e-03
0.868804 +2.636699e-03
0.875466 +2.640778e-03
0.882474 +2.622474e-03
0.889304 +2.550212e-03
0.895955 +2.529307e-03
0.902424 +2.479561e-03
0.909148 +2.451996e-03
0.916081 +2.395992e-03
0.922763 +2.351714e-03
0.929584 +2.293434e-03
0.936112 +2.256395e-03
0.943057 +2.176124e-03
0.949625 +2.102147e-03
0.956439 +2.024237e-03
0.963070 +1.941462e-03
0.969963 +1.825306e-03
0.976630 +1.700403e-03
0.983276 +1.604799e-03
0.989929 +1.434565e-03
0.996691 +1.248009e-03
