# NACA0012 Re=4.00e+05 cf vs x/c (upper block, then lower)
# upper
0.000339 +2.429833e-02
0.002965 +2.090939e-02
0.007368 +1.881028e-02
0.012671 +2.068148e-02
0.018335 +2.672988e-02
0.024306 +2.467861e-02
0.030563 +2.027975e-02
0.036930 +1.678150e-02
0.043248 +1.353871e-02
0.049706 +1.112808e-02
0.056234 +9.170881e-03
0.062767 +7.476143e-03
0.069243 +6.186518e-03
0.076012 +5.277204e-03
0.082647 +4.591671e-03
0.089096 +4.147392e-03
0.095762 +3.859001e-03
0.102643 +4.082352e-03
0.109255 +5.161638e-03
0.116048 +6.746800e-03
0.123017 +7.537838e-03
0.129645 +7.616942e-03
0.136420 +7.682041e-03
0.142803 +7.685431e-03
0.149854 +7.578227e-03
0.156487 +7.524358e-03
0.163236 +7.339186e-03
0.170099 +7.289546e-03
0.177074 +7.158914e-03
0.183564 +7.050245e-03
0.190144 +6.951892e-03
0.197423 +6.883776e-03
0.204186 +6.770758e-03
0.211033 +6.729521e-03
0.217329 +6.699261e-03
0.224332 +6.628235e-03
0.231413 +6.657621e-03
0.237917 +6.640701e-03
0.244483 +6.557323e-03
0.251774 +6.594089e-03
0.258464 +6.552051e-03
0.265212 +6.733032e-03
0.272014 +6.602811e-03
0.278870 +6.816566e-03
0.285778 +6.218024e-03
0.292039 +6.561783e-03
0.299041 +6.862346e-03
0.306091 +6.734888e-03
0.312475 +6.570139e-03
0.319611 +6.115066e-03
0.326069 +6.261738e-03
0.333283 +5.971906e-03
0.339810 +6.023782e-03
0.346368 +5.840204e-03
0.353688 +5.745947e-03
0.360305 +5.646410e-03
0.366950 +5.564626e-03
0.373620 +5.472958e-03
0.380314 +5.375850e-03
0.387778 +5.260726e-03
0.394518 +5.135177e-03
0.401279 +5.087287e-03
0.408059 +4.967984e-03
0.414856 +4.901253e-03
0.421669 +4.865464e-03
0.428497 +4.786359e-03
0.434578 +4.647822e-03
0.441431 +4.545980e-03
0.448295 +4.494507e-03
0.455169 +4.427625e-03
0.462052 +4.365384e-03
0.468942 +4.294196e-03
0.475837 +4.247608e-03
0.482738 +4.195621e-03
0.489641 +4.147658e-03
0.495780 +4.025522e-03
0.502686 +4.021967e-03
0.509591 +3.955534e-03
0.516495 +3.908313e-03
0.523396 +3.874248e-03
0.530292 +3.822024e-03
0.536418 +3.740801e-03
0.543302 +3.690357e-03
0.550178 +3.677820e-03
0.557044 +3.619674e-03
0.563900 +3.563519e-03
0.570743 +3.530608e-03
0.577573 +3.479164e-03
0.584388 +3.452789e-03
0.591187 +3.390991e-03
0.597968 +3.321089e-03
0.604731 +3.295511e-03
0.611474 +3.268153e-03
0.618196 +3.220018e-03
0.624895 +3.178450e-03
0.631570 +3.146091e-03
0.638220 +3.090827e-03
0.644844 +3.075286e-03
0.652171 +3.010155e-03
0.658735 +2.994239e-03
0.665269 +2.938524e-03
0.672491 +2.919598e-03
0.678957 +2.883281e-03
0.686101 +2.821039e-03
0.692493 +2.788570e-03
0.699552 +2.771418e-03
0.705866 +2.746467e-03
0.712834 +2.691885e-03
0.719752 +2.635246e-03
0.726619 +2.600187e-03
0.733432 +2.547913e-03
0.740191 +2.506912e-03
0.746892 +2.483700e-03
0.753536 +2.417453e-03
0.760120 +2.376912e-03
0.767291 +2.344131e-03
0.773745 +2.307003e-03
0.780769 +2.270070e-03
0.787085 +2.236091e-03
0.793955 +2.158440e-03
0.800741 +2.111841e-03
0.807441 +2.086764e-03
0.814054 +2.054415e-03
0.821165 +2.000774e-03
0.827589 +1.952174e-03
0.834489 +1.920710e-03
0.841277 +1.859916e-03
0.847948 +1.818407e-03
0.855042 +1.762648e-03
0.861466 +1.702037e-03
0.868286 +1.624151e-03
0.874959 +1.593400e-03
0.881979 +1.540426e-03
0.888822 +1.452684e-03
0.895486 +1.401238e-03
0.901968 +1.327506e-03
0.908706 +1.270932e-03
0.915655 +1.196188e-03
0.922353 +1.125122e-03
0.929191 +1.049429e-03
0.935736 +9.859970e-04
0.942701 +8.894939e-04
0.949289 +8.055203e-04
0.956125 +7.211429e-04
0.962780 +6.324371e-04
0.969700 +5.348618e-04
0.976398 +4.338080e-04
0.983079 +3.558376e-04
0.989775 +2.464972e-04
0.996603 +1.398648e-04
# lower
0.000368 -2.208089e-02
0.003049 -7.226840e-03
0.007500 +3.181473e-03
0.012843 +7.654961e-03
0.018541 +9.660365e-03
0.024543 +1.059100e-02
0.030828 +1.045978e-02
0.037220 +1.027235e-02
0.043561 +9.711500e-03
0.050040 +9.433484e-03
0.056588 +9.005318e-03
0.063139 +8.473401e-03
0.069633 +8.050755e-03
0.076419 +7.673967e-03
0.083070 +7.307041e-03
0.089533 +6.929659e-03
0.096214 +6.610800e-03
0.103109 +6.653128e-03
0.109734 +7.208857e-03
0.116540 +7.758461e-03
0.123522 +7.839017e-03
0.130161 +7.419837e-03
0.136948 +7.055246e-03
0.143340 +6.765140e-03
0.150402 +6.474495e-03
0.157045 +6.259484e-03
0.163803 +6.020915e-03
0.170676 +5.900495e-03
0.177660 +5.729991e-03
0.184158 +5.615818e-03
0.190747 +5.526186e-03
0.198035 +5.479546e-03
0.204805 +5.401618e-03
0.211660 +5.376704e-03
0.217963 +5.360854e-03
0.224972 +5.323035e-03
0.232061 +5.333730e-03
0.238571 +5.345770e-03
0.245143 +5.286071e-03
0.252441 +5.322755e-03
0.259137 +5.317523e-03
0.265889 +5.414421e-03
0.272697 +5.370528e-03
0.279558 +5.542115e-03
0.286472 +5.195240e-03
0.292737 +5.403176e-03
0.299744 +5.638789e-03
0.306799 +5.605772e-03
0.313187 +5.538145e-03
0.320327 +5.401228e-03
0.326788 +5.447700e-03
0.334007 +5.335979e-03
0.340537 +5.323925e-03
0.347098 +5.220991e-03
0.354422 +5.193607e-03
0.361042 +5.139936e-03
0.367690 +5.096300e-03
0.374362 +5.052150e-03
0.381059 +4.991819e-03
0.388526 +4.913341e-03
0.395269 +4.836819e-03
0.402032 +4.811264e-03
0.408813 +4.737205e-03
0.415612 +4.703359e-03
0.422427 +4.686418e-03
0.429257 +4.633225e-03
0.435339 +4.535435e-03
0.442193 +4.466948e-03
0.449059 +4.439371e-03
0.455934 +4.392344e-03
0.462817 +4.355845e-03
0.469708 +4.301582e-03
0.476604 +4.271416e-03
0.483505 +4.237004e-03
0.490409 +4.212935e-03
0.496547 +4.118455e-03
0.503453 +4.124559e-03
0.510359 +4.076600e-03
0.517262 +4.047051e-03
0.524163 +4.020704e-03
0.531058 +3.990676e-03
0.537183 +3.930018e-03
0.544066 +3.897510e-03
0.550941 +3.898337e-03
0.557807 +3.848771e-03
0.564661 +3.810125e-03
0.571503 +3.794787e-03
0.578331 +3.759440e-03
0.585144 +3.746814e-03
0.591941 +3.691878e-03
0.598721 +3.640621e-03
0.605482 +3.634697e-03
0.612222 +3.622733e-03
0.618941 +3.582921e-03
0.625638 +3.550137e-03
0.632310 +3.540507e-03
0.638958 +3.506886e-03
0.645578 +3.503967e-03
0.652902 +3.443770e-03
0.659463 +3.450648e-03
0.665993 +3.414774e-03
0.673212 +3.414514e-03
0.679673 +3.384263e-03
0.686813 +3.335716e-03
0.693201 +3.326151e-03
0.700256 +3.333692e-03
0.706565 +3.318772e-03
0.713528 +3.275363e-03
0.720442 +3.238770e-03
0.727303 +3.223235e-03
0.734111 +3.177362e-03
0.740863 +3.155532e-03
0.747559 +3.158595e-03
0.754197 +3.101801e-03
0.760775 +3.073553e-03
0.767939 +3.064320e-03
0.774386 +3.042155e-03
0.781403 +3.019661e-03
0.787713 +3.005265e-03
0.794575 +2.938066e-03
0.801353 +2.908866e-03
0.808046 +2.903602e-03
0.814650 +2.895921e-03
0.821753 +2.862348e-03
0.828168 +2.826201e-03
0.835059 +2.819466e-03
0.841837 +2.776065e-03
0.848499 +2.756291e-03
0.855582 +2.724826e-03
0.861995 +2.690346e-03
0.868804 +2.624272e-03
0.875466 +2.627050e-03
0.882474 +2.607327e-03
0.889304 +2.533701e-03
0.895955 +2.511377e-03
0.902424 +2.460498e-03
0.909148 +2.432025e-03
0.916081 +2.376072e-03
0.922763 +2.333084e-03
0.929584 +2.277190e-03
0.936112 +2.242757e-03
0.943057 +2.164968e-03
0.949625 +2.092682e-03
0.956439 +2.016133e-03
0.963070 +1.934822e-03
0.969963 +1.820596e-03
0.976630 +1.698099e-03
0.983276 +1.605259e-03
0.989929 +1.438543e-03
0.996691 +1.255846e-03
