# NACA0012 Re=4.00e+05 cp vs x/c (upper block, then lower)
# upper
0.000029 +8.684655e-01
0.000260 +6.891458e-01
0.000721 +5.015693e-01
0.001356 +2.986506e-01
0.002262 +1.015106e-01
0.003397 -7.612680e-02
0.004657 -2.097182e-01
0.006234 -3.497537e-01
0.008039 -4.149363e-01
0.009919 -4.462485e-01
0.012161 -5.223977e-01
0.014628 -5.590582e-01
0.017120 -6.105650e-01
0.020018 -6.512459e-01
0.023138 -6.477227e-01
0.026233 -6.749903e-01
0.029776 -6.872661e-01
0.033260 -7.096852e-01
0.037220 -6.844628e-01
0.041394 -6.981727e-01
0.045460 -6.945530e-01
0.050040 -6.851013e-01
0.054828 -6.847255e-01
0.059458 -6.823327e-01
0.064641 -6.726022e-01
0.070024 -6.721953e-01
0.075201 -6.670376e-01
0.080964 -6.605762e-01
0.086922 -6.496933e-01
0.092624 -6.493710e-01
0.098947 -6.382205e-01
0.105455 -6.332054e-01
0.111661 -6.252528e-01
0.118517 -6.189052e-01
0.125041 -6.119072e-01
0.132234 -6.007709e-01
0.139596 -5.966396e-01
0.146582 -5.845307e-01
0.154263 -5.793278e-01
0.162103 -5.687925e-01
0.169523 -5.605584e-01
0.177660 -5.513613e-01
0.185946 -5.401387e-01
0.193771 -5.380577e-01
0.202333 -5.232190e-01
0.211033 -5.200340e-01
0.219231 -5.092896e-01
0.228185 -5.003209e-01
0.237264 -4.922444e-01
0.245803 -4.820916e-01
0.255112 -4.697702e-01
0.263858 -4.729122e-01
0.273381 -4.548604e-01
0.283009 -4.472228e-01
0.292039 -4.434747e-01
0.301856 -4.334320e-01
0.311764 -4.222664e-01
0.321043 -4.124032e-01
0.331115 -4.124542e-01
0.341265 -3.975445e-01
0.350755 -3.939616e-01
0.361042 -3.818188e-01
0.371394 -3.741111e-01
0.381059 -3.667538e-01
0.391520 -3.593664e-01
0.402032 -3.523386e-01
0.411833 -3.409881e-01
0.422427 -3.335957e-01
0.432297 -3.266061e-01
0.442956 -3.177846e-01
0.453641 -3.102870e-01
0.463582 -3.024184e-01
0.474305 -2.937565e-01
0.485039 -2.862014e-01
0.495012 -2.787350e-01
0.505755 -2.703906e-01
0.516495 -2.626843e-01
0.526462 -2.550192e-01
0.537183 -2.482157e-01
0.547887 -2.399867e-01
0.557807 -2.321416e-01
0.568463 -2.252314e-01
0.579089 -2.168792e-01
0.588922 -2.103580e-01
0.599473 -2.026150e-01
0.609229 -1.955485e-01
0.619686 -1.883726e-01
0.630089 -1.809733e-01
0.639695 -1.740713e-01
0.649977 -1.666836e-01
0.660190 -1.597723e-01
0.669607 -1.522593e-01
0.679673 -1.451085e-01
0.689657 -1.383116e-01
0.698849 -1.311349e-01
0.708659 -1.242105e-01
0.718373 -1.168685e-01
0.727303 -1.101159e-01
0.736818 -1.029449e-01
0.746225 -9.595666e-02
0.754857 -8.870200e-02
0.764041 -8.182602e-02
0.772459 -7.472986e-02
0.781403 -6.733215e-02
0.790218 -6.038203e-02
0.798283 -5.331218e-02
0.806835 -4.596860e-02
0.815246 -3.940410e-02
0.822926 -3.250485e-02
0.831053 -2.524208e-02
0.839027 -1.817702e-02
0.846291 -1.089372e-02
0.853960 -3.783196e-03
0.861466 +3.040515e-03
0.868286 +9.429260e-03
0.875466 +1.653227e-02
0.882474 +2.346075e-02
0.888822 +2.976776e-02
0.895486 +3.625354e-02
0.901511 +4.257961e-02
0.907820 +4.897609e-02
0.913941 +5.472709e-02
0.919454 +6.067948e-02
0.925204 +6.658613e-02
0.930757 +7.176073e-02
0.935736 +7.660324e-02
0.940904 +8.184468e-02
0.945868 +8.673359e-02
0.950294 +9.088878e-02
0.954859 +9.512928e-02
0.959215 +9.918103e-02
0.963070 +1.027691e-01
0.967014 +1.059578e-01
0.970744 +1.090795e-01
0.974012 +1.118582e-01
0.977321 +1.144845e-01
0.980196 +1.168154e-01
0.983079 +1.190729e-01
0.985738 +1.209769e-01
0.988007 +1.225956e-01
0.990233 +1.240985e-01
0.992233 +1.254526e-01
0.993886 +1.265493e-01
0.995447 +1.273706e-01
0.996779 +1.283588e-01
0.997810 +1.288806e-01
0.998700 +1.293010e-01
0.999359 +1.297384e-01
0.999764 +1.302283e-01
0.999979 +1.324538e-01
# lower
0.000021 +9.599775e-01
0.000236 +1.030528e+00
0.000641 +1.055343e+00
0.001300 +1.038103e+00
0.002190 +9.807283e-01
0.003221 +8.959895e-01
0.004553 +8.098822e-01
0.006114 +7.054045e-01
0.007767 +6.196345e-01
0.009767 +5.403040e-01
0.011993 +4.485823e-01
0.014262 +3.835996e-01
0.016921 +3.109910e-01
0.019804 +2.462077e-01
0.022679 +1.979518e-01
0.025988 +1.502632e-01
0.029256 +1.013288e-01
0.032986 +5.854159e-02
0.036930 +3.488566e-02
0.040785 +2.168004e-03
0.045141 -1.997394e-02
0.049706 -5.040524e-02
0.054132 -6.759167e-02
0.059096 -8.763239e-02
0.064264 -1.034228e-01
0.069243 -1.236073e-01
0.074796 -1.350779e-01
0.080546 -1.484685e-01
0.086059 -1.628390e-01
0.092180 -1.711888e-01
0.098489 -1.810848e-01
0.104514 -1.882652e-01
0.111178 -1.992196e-01
0.117526 -2.017349e-01
0.124534 -2.108615e-01
0.131714 -2.167774e-01
0.138534 -2.206674e-01
0.146040 -2.263497e-01
0.153709 -2.264622e-01
0.160973 -2.321821e-01
0.168947 -2.339024e-01
0.177074 -2.355571e-01
0.184754 -2.385064e-01
0.193165 -2.385801e-01
0.201717 -2.356483e-01
0.209782 -2.395164e-01
0.218597 -2.412876e-01
0.227541 -2.393691e-01
0.235959 -2.376603e-01
0.245143 -2.356448e-01
0.253775 -2.369606e-01
0.263182 -2.383929e-01
0.272697 -2.332693e-01
0.281627 -2.293787e-01
0.291341 -2.332916e-01
0.301151 -2.301271e-01
0.310343 -2.253884e-01
0.320327 -2.208566e-01
0.330393 -2.236696e-01
0.339810 -2.190128e-01
0.350023 -2.196509e-01
0.360305 -2.110111e-01
0.369911 -2.103749e-01
0.380314 -2.077815e-01
0.390771 -2.047094e-01
0.400527 -2.022579e-01
0.411078 -2.000057e-01
0.420911 -1.932715e-01
0.431537 -1.925209e-01
0.442193 -1.862422e-01
0.452113 -1.853158e-01
0.462817 -1.805121e-01
0.473538 -1.756922e-01
0.483505 -1.718403e-01
0.494245 -1.691077e-01
0.504988 -1.655271e-01
0.514961 -1.611361e-01
0.525695 -1.570725e-01
0.536418 -1.521240e-01
0.546359 -1.491886e-01
0.557044 -1.451634e-01
0.567703 -1.405996e-01
0.577573 -1.370612e-01
0.588167 -1.326704e-01
0.597968 -1.286243e-01
0.608480 -1.248885e-01
0.618941 -1.202788e-01
0.628606 -1.164355e-01
0.638958 -1.126585e-01
0.649245 -1.085227e-01
0.658735 -1.042905e-01
0.668885 -1.000889e-01
0.678957 -9.592430e-02
0.688236 -9.194208e-02
0.698144 -8.746327e-02
0.707961 -8.348681e-02
0.716991 -7.926239e-02
0.726619 -7.483672e-02
0.736142 -7.052909e-02
0.744888 -6.675014e-02
0.754197 -6.213561e-02
0.762736 -5.801167e-02
0.771815 -5.360158e-02
0.780769 -4.900301e-02
0.788967 -4.453466e-02
0.797667 -4.069222e-02
0.806229 -3.588650e-02
0.814054 -3.119712e-02
0.822340 -2.663785e-02
0.830477 -2.221395e-02
0.837897 -1.757231e-02
0.845737 -1.293981e-02
0.853418 -7.850974e-03
0.860404 -2.865108e-03
0.867766 +1.433457e-03
0.874959 +6.296204e-03
0.881483 +1.131042e-02
0.888339 +1.601015e-02
0.894545 +2.144556e-02
0.901053 +2.605307e-02
0.907376 +3.119912e-02
0.913078 +3.630835e-02
0.919036 +4.120346e-02
0.924799 +4.648971e-02
0.929976 +5.134077e-02
0.935359 +5.612520e-02
0.940542 +6.110044e-02
0.945172 +6.592448e-02
0.949960 +7.042601e-02
0.954540 +7.539694e-02
0.958606 +7.987090e-02
0.962780 +8.422760e-02
0.966740 +8.821086e-02
0.970224 +9.251325e-02
0.973767 +9.658295e-02
0.976862 +1.002622e-01
0.979982 +1.038583e-01
0.982880 +1.075951e-01
0.985372 +1.108389e-01
0.987839 +1.137386e-01
0.990081 +1.165906e-01
0.991961 +1.189655e-01
0.993766 +1.209313e-01
0.995343 +1.228072e-01
0.996603 +1.246320e-01
0.997738 +1.261044e-01
0.998644 +1.271019e-01
0.999279 +1.285910e-01
0.999740 +1.300053e-01
0.999962 +1.302069e-01
