# NACA0012 Re=4.00e+05 cp vs x/c (upper block, then lower)
# upper
0.000029 +8.513876e-02
0.000260 -3.156769e-01
0.000721 -6.334925e-01
0.001356 -9.252521e-01
0.002262 -1.139700e+00
0.003397 -1.338739e+00
0.004657 -1.443662e+00
0.006234 -1.555467e+00
0.008039 -1.590807e+00
0.009919 -1.540690e+00
0.012161 -1.516391e+00
0.014628 -1.486621e+00
0.017120 -1.490419e+00
0.020018 -1.495414e+00
0.023138 -1.432409e+00
0.026233 -1.426286e+00
0.029776 -1.401559e+00
0.033260 -1.393156e+00
0.037220 -1.323810e+00
0.041394 -1.308693e+00
0.045460 -1.273633e+00
0.050040 -1.235492e+00
0.054828 -1.210402e+00
0.059458 -1.184023e+00
0.064641 -1.150341e+00
0.070024 -1.129417e+00
0.075201 -1.105441e+00
0.080964 -1.081568e+00
0.086922 -1.053465e+00
0.092624 -1.036869e+00
0.098947 -1.010457e+00
0.105455 -9.916640e-01
0.111661 -9.699229e-01
0.118517 -9.499716e-01
0.125041 -9.295391e-01
0.132234 -9.050876e-01
0.139596 -8.880808e-01
0.146582 -8.650540e-01
0.154263 -8.492585e-01
0.162103 -8.300855e-01
0.169523 -8.128491e-01
0.177660 -7.940891e-01
0.185946 -7.737177e-01
0.193771 -7.632178e-01
0.202333 -7.398437e-01
0.211033 -7.286354e-01
0.219231 -7.111721e-01
0.228185 -6.951553e-01
0.237264 -6.803630e-01
0.245803 -6.632197e-01
0.255112 -6.442550e-01
0.263858 -6.423549e-01
0.273381 -6.172149e-01
0.283009 -6.042276e-01
0.292039 -5.947662e-01
0.301856 -5.792220e-01
0.311764 -5.632221e-01
0.321043 -5.485418e-01
0.331115 -5.427743e-01
0.341265 -5.242967e-01
0.350755 -5.150814e-01
0.361042 -4.997171e-01
0.371394 -4.875718e-01
0.381059 -4.756300e-01
0.391520 -4.640860e-01
0.402032 -4.530212e-01
0.411833 -4.379420e-01
0.422427 -4.266353e-01
0.432297 -4.157982e-01
0.442956 -4.036191e-01
0.453641 -3.925543e-01
0.463582 -3.809335e-01
0.474305 -3.689035e-01
0.485039 -3.581834e-01
0.495012 -3.475944e-01
0.505755 -3.359865e-01
0.516495 -3.251446e-01
0.526462 -3.144701e-01
0.537183 -3.044517e-01
0.547887 -2.934745e-01
0.557807 -2.828174e-01
0.568463 -2.726973e-01
0.579089 -2.617658e-01
0.588922 -2.522648e-01
0.599473 -2.419881e-01
0.609229 -2.322125e-01
0.619686 -2.220867e-01
0.630089 -2.122481e-01
0.639695 -2.028381e-01
0.649977 -1.926706e-01
0.660190 -1.830994e-01
0.669607 -1.730938e-01
0.679673 -1.634226e-01
0.689657 -1.542233e-01
0.698849 -1.447319e-01
0.708659 -1.353106e-01
0.718373 -1.257930e-01
0.727303 -1.166340e-01
0.736818 -1.071943e-01
0.746225 -9.797538e-02
0.754857 -8.866391e-02
0.764041 -7.974795e-02
0.772459 -7.080443e-02
0.781403 -6.158237e-02
0.790218 -5.297728e-02
0.798283 -4.432041e-02
0.806835 -3.571997e-02
0.815246 -2.796906e-02
0.822926 -2.031970e-02
0.831053 -1.239833e-02
0.839027 -4.866680e-03
0.846291 +2.609620e-03
0.853960 +9.675049e-03
0.861466 +1.593989e-02
0.868286 +2.179917e-02
0.875466 +2.787728e-02
0.882474 +3.333564e-02
0.888822 +3.828002e-02
0.895486 +4.285866e-02
0.901511 +4.715483e-02
0.907820 +5.111364e-02
0.913941 +5.455574e-02
0.919454 +5.778220e-02
0.925204 +6.082400e-02
0.930757 +6.331671e-02
0.935736 +6.548711e-02
0.940904 +6.767259e-02
0.945868 +6.957525e-02
0.950294 +7.108554e-02
0.954859 +7.256416e-02
0.959215 +7.388994e-02
0.963070 +7.500367e-02
0.967014 +7.592894e-02
0.970744 +7.683428e-02
0.974012 +7.757307e-02
0.977321 +7.827086e-02
0.980196 +7.886314e-02
0.983079 +7.941880e-02
0.985738 +7.988162e-02
0.988007 +8.026671e-02
0.990233 +8.061399e-02
0.992233 +8.092223e-02
0.993886 +8.118505e-02
0.995447 +8.145932e-02
0.996779 +8.185488e-02
0.997810 +8.217816e-02
0.998700 +8.232841e-02
0.999359 +8.214042e-02
0.999764 +8.224709e-02
0.999979 +8.402777e-02
# lower
0.000021 +2.853709e-01
0.000236 +5.470552e-01
0.000641 +7.259485e-01
0.001300 +8.817591e-01
0.002190 +9.918810e-01
0.003221 +1.039469e+00
0.004553 +1.047027e+00
0.006114 +1.023028e+00
0.007767 +9.825283e-01
0.009767 +9.305355e-01
0.011993 +8.692245e-01
0.014262 +8.153044e-01
0.016921 +7.555154e-01
0.019804 +6.947786e-01
0.022679 +6.392035e-01
0.025988 +5.885369e-01
0.029256 +5.360283e-01
0.032986 +4.868446e-01
0.036930 +4.496072e-01
0.040785 +4.080640e-01
0.045141 +3.735217e-01
0.049706 +3.343391e-01
0.054132 +3.061251e-01
0.059096 +2.760689e-01
0.064264 +2.490799e-01
0.069243 +2.201221e-01
0.074796 +1.983770e-01
0.080546 +1.751562e-01
0.086059 +1.520453e-01
0.092180 +1.349210e-01
0.098489 +1.161049e-01
0.104514 +1.008785e-01
0.111178 +8.227606e-02
0.117526 +7.162267e-02
0.124534 +5.484276e-02
0.131714 +4.139586e-02
0.138534 +3.072205e-02
0.146040 +1.801567e-02
0.153709 +1.098966e-02
0.160973 -1.656707e-03
0.168947 -1.002573e-02
0.177074 -1.833118e-02
0.184754 -2.700694e-02
0.193165 -3.271119e-02
0.201717 -3.587562e-02
0.209782 -4.512709e-02
0.218597 -5.192272e-02
0.227541 -5.518889e-02
0.235959 -5.865912e-02
0.245143 -6.215170e-02
0.253775 -6.762057e-02
0.263182 -7.311215e-02
0.272697 -7.304587e-02
0.281627 -7.384724e-02
0.291341 -8.153461e-02
0.301151 -8.263053e-02
0.310343 -8.204279e-02
0.320327 -8.143494e-02
0.330393 -8.774129e-02
0.339810 -8.705352e-02
0.350023 -9.128467e-02
0.360305 -8.617166e-02
0.369911 -8.925646e-02
0.380314 -9.018323e-02
0.390771 -9.045134e-02
0.400527 -9.106890e-02
0.411078 -9.207563e-02
0.420911 -8.863202e-02
0.431537 -9.092129e-02
0.442193 -8.766995e-02
0.452113 -8.984549e-02
0.462817 -8.782471e-02
0.473538 -8.578418e-02
0.483505 -8.472228e-02
0.494245 -8.478646e-02
0.504988 -8.398993e-02
0.514961 -8.219339e-02
0.525695 -8.076115e-02
0.536418 -7.848207e-02
0.546359 -7.805784e-02
0.557044 -7.650519e-02
0.567703 -7.443694e-02
0.577573 -7.334356e-02
0.588167 -7.126011e-02
0.597968 -6.955195e-02
0.608480 -6.823181e-02
0.618941 -6.581533e-02
0.628606 -6.426121e-02
0.638958 -6.286457e-02
0.649245 -6.099524e-02
0.658735 -5.878608e-02
0.668885 -5.672371e-02
0.678957 -5.481655e-02
0.688236 -5.303432e-02
0.698144 -5.069143e-02
0.707961 -4.890480e-02
0.716991 -4.676719e-02
0.726619 -4.444153e-02
0.736142 -4.228263e-02
0.744888 -4.065250e-02
0.754197 -3.799000e-02
0.762736 -3.591471e-02
0.771815 -3.349562e-02
0.780769 -3.099615e-02
0.788967 -2.843361e-02
0.797667 -2.681160e-02
0.806229 -2.404035e-02
0.814054 -2.138241e-02
0.822340 -1.893524e-02
0.830477 -1.678675e-02
0.837897 -1.412898e-02
0.845737 -1.143137e-02
0.853418 -8.354520e-03
0.860404 -5.448382e-03
0.867766 -3.407263e-03
0.874959 -6.504022e-04
0.881483 +2.366865e-03
0.888339 +4.872061e-03
0.894545 +8.697522e-03
0.901053 +1.109912e-02
0.907376 +1.440294e-02
0.913078 +1.743235e-02
0.919036 +2.023045e-02
0.924799 +2.363213e-02
0.929976 +2.652521e-02
0.935359 +2.945708e-02
0.940542 +3.269476e-02
0.945172 +3.586492e-02
0.949960 +3.847170e-02
0.954540 +4.175665e-02
0.958606 +4.462519e-02
0.962780 +4.783185e-02
0.966740 +5.012853e-02
0.970224 +5.303301e-02
0.973767 +5.624736e-02
0.976862 +5.862017e-02
0.979982 +6.090792e-02
0.982880 +6.382041e-02
0.985372 +6.616960e-02
0.987839 +6.800896e-02
0.990081 +7.008719e-02
0.991961 +7.149517e-02
0.993766 +7.377957e-02
0.995343 +7.473844e-02
0.996603 +7.515216e-02
0.997738 +7.743795e-02
0.998644 +7.657389e-02
0.999279 +7.936354e-02
0.999740 +8.201416e-02
0.999962 +8.158984e-02
