# NACA0012 Re=4.00e+05 cp vs x/c (upper block, then lower)
# upper
0.000029 -6.356072e-02
0.000260 -3.991858e-01
0.000721 -7.083542e-01
0.001356 -9.825637e-01
0.002262 -1.195121e+00
0.003397 -1.366214e+00
0.004657 -1.481807e+00
0.006234 -1.552735e+00
0.008039 -1.601111e+00
0.009919 -1.618926e+00
0.012161 -1.602534e+00
0.014628 -1.559703e+00
0.017120 -1.531979e+00
0.020018 -1.508371e+00
0.023138 -1.480652e+00
0.026233 -1.454046e+00
0.029776 -1.427949e+00
0.033260 -1.393657e+00
0.037220 -1.361772e+00
0.041394 -1.329710e+00
0.045460 -1.300399e+00
0.050040 -1.268629e+00
0.054828 -1.239788e+00
0.059458 -1.212010e+00
0.064641 -1.185573e+00
0.070024 -1.159522e+00
0.075201 -1.135189e+00
0.080964 -1.111737e+00
0.086922 -1.090174e+00
0.092624 -1.070463e+00
0.098947 -1.050190e+00
0.105455 -1.023339e+00
0.111661 -9.879164e-01
0.118517 -9.586996e-01
0.125041 -9.351895e-01
0.132234 -9.142829e-01
0.139596 -8.964493e-01
0.146582 -8.776812e-01
0.154263 -8.582628e-01
0.162103 -8.413823e-01
0.169523 -8.237898e-01
0.177660 -8.058694e-01
0.185946 -7.904232e-01
0.193771 -7.731241e-01
0.202333 -7.567231e-01
0.211033 -7.397966e-01
0.219231 -7.254432e-01
0.228185 -7.088916e-01
0.237264 -6.931138e-01
0.245803 -6.771352e-01
0.255112 -6.634004e-01
0.263858 -6.480661e-01
0.273381 -6.335863e-01
0.283009 -6.209321e-01
0.292039 -6.052056e-01
0.301856 -5.902313e-01
0.311764 -5.766675e-01
0.321043 -5.649570e-01
0.331115 -5.501553e-01
0.341265 -5.373268e-01
0.350755 -5.256088e-01
0.361042 -5.121368e-01
0.371394 -4.994336e-01
0.381059 -4.868799e-01
0.391520 -4.739057e-01
0.402032 -4.618292e-01
0.411833 -4.500865e-01
0.422427 -4.382778e-01
0.432297 -4.265643e-01
0.442956 -4.141989e-01
0.453641 -4.026879e-01
0.463582 -3.914751e-01
0.474305 -3.799860e-01
0.485039 -3.689664e-01
0.495012 -3.582568e-01
0.505755 -3.468642e-01
0.516495 -3.357800e-01
0.526462 -3.254817e-01
0.537183 -3.146639e-01
0.547887 -3.041341e-01
0.557807 -2.939827e-01
0.568463 -2.834427e-01
0.579089 -2.732398e-01
0.588922 -2.634066e-01
0.599473 -2.534043e-01
0.609229 -2.433867e-01
0.619686 -2.335059e-01
0.630089 -2.236785e-01
0.639695 -2.141518e-01
0.649977 -2.045227e-01
0.660190 -1.949746e-01
0.669607 -1.854737e-01
0.679673 -1.758800e-01
0.689657 -1.664489e-01
0.698849 -1.571713e-01
0.708659 -1.475707e-01
0.718373 -1.384304e-01
0.727303 -1.293555e-01
0.736818 -1.198029e-01
0.746225 -1.108948e-01
0.754857 -1.019430e-01
0.764041 -9.293301e-02
0.772459 -8.399742e-02
0.781403 -7.474195e-02
0.790218 -6.589973e-02
0.798283 -5.707339e-02
0.806835 -4.804241e-02
0.815246 -3.954267e-02
0.822926 -3.123779e-02
0.831053 -2.251803e-02
0.839027 -1.436596e-02
0.846291 -6.379089e-03
0.853960 +1.782099e-03
0.861466 +9.317123e-03
0.868286 +1.661192e-02
0.875466 +2.382729e-02
0.882474 +3.067448e-02
0.888822 +3.703790e-02
0.895486 +4.327371e-02
0.901511 +4.902396e-02
0.907820 +5.456023e-02
0.913941 +5.946921e-02
0.919454 +6.409963e-02
0.925204 +6.866025e-02
0.930757 +7.268774e-02
0.935736 +7.631140e-02
0.940904 +7.974766e-02
0.945868 +8.273105e-02
0.950294 +8.544184e-02
0.954859 +8.795891e-02
0.959215 +9.011927e-02
0.963070 +9.201290e-02
0.967014 +9.385662e-02
0.970744 +9.539605e-02
0.974012 +9.674511e-02
0.977321 +9.795500e-02
0.980196 +9.901850e-02
0.983079 +9.997098e-02
0.985738 +1.007829e-01
0.988007 +1.014995e-01
0.990233 +1.021547e-01
0.992233 +1.027297e-01
0.993886 +1.031809e-01
0.995447 +1.035973e-01
0.996779 +1.039443e-01
0.997810 +1.042185e-01
0.998700 +1.044535e-01
0.999359 +1.044211e-01
0.999764 +1.041757e-01
0.999979 +1.055861e-01
# lower
0.000021 +2.152708e-01
0.000236 +4.858922e-01
0.000641 +7.028731e-01
0.001300 +8.569759e-01
0.002190 +9.622693e-01
0.003221 +1.013510e+00
0.004553 +1.027239e+00
0.006114 +1.010260e+00
0.007767 +9.735098e-01
0.009767 +9.279069e-01
0.011993 +8.743601e-01
0.014262 +8.201327e-01
0.016921 +7.611860e-01
0.019804 +7.032809e-01
0.022679 +6.501481e-01
0.025988 +5.984261e-01
0.029256 +5.489326e-01
0.032986 +5.041108e-01
0.036930 +4.592112e-01
0.040785 +4.191043e-01
0.045141 +3.824651e-01
0.049706 +3.472279e-01
0.054132 +3.148422e-01
0.059096 +2.854306e-01
0.064264 +2.548887e-01
0.069243 +2.292249e-01
0.074796 +2.048769e-01
0.080546 +1.812013e-01
0.086059 +1.602823e-01
0.092180 +1.401372e-01
0.098489 +1.206152e-01
0.104514 +1.048867e-01
0.111178 +9.205203e-02
0.117526 +7.995035e-02
0.124534 +6.696349e-02
0.131714 +5.243333e-02
0.138534 +3.899189e-02
0.146040 +2.771453e-02
0.153709 +1.613287e-02
0.160973 +6.528967e-03
0.168947 -2.260415e-03
0.177074 -1.099107e-02
0.184754 -1.814070e-02
0.193165 -2.569677e-02
0.201717 -3.227541e-02
0.209782 -3.803997e-02
0.218597 -4.302112e-02
0.227541 -4.887583e-02
0.235959 -5.213757e-02
0.245143 -5.751171e-02
0.253775 -5.992693e-02
0.263182 -6.349946e-02
0.272697 -6.719525e-02
0.281627 -7.013345e-02
0.291341 -7.273035e-02
0.301151 -7.313817e-02
0.310343 -7.726457e-02
0.320327 -7.689298e-02
0.330393 -7.951853e-02
0.339810 -8.069046e-02
0.350023 -8.136419e-02
0.360305 -8.258287e-02
0.369911 -8.218632e-02
0.380314 -8.287188e-02
0.390771 -8.347265e-02
0.400527 -8.277821e-02
0.411078 -8.284052e-02
0.420911 -8.214197e-02
0.431537 -8.184359e-02
0.442193 -8.128817e-02
0.452113 -8.059447e-02
0.462817 -7.921261e-02
0.473538 -7.865457e-02
0.483505 -7.770551e-02
0.494245 -7.629676e-02
0.504988 -7.487629e-02
0.514961 -7.369142e-02
0.525695 -7.250615e-02
0.536418 -7.081670e-02
0.546359 -6.943165e-02
0.557044 -6.786495e-02
0.567703 -6.610825e-02
0.577573 -6.447414e-02
0.588167 -6.271905e-02
0.597968 -6.115086e-02
0.608480 -5.924437e-02
0.618941 -5.756561e-02
0.628606 -5.540546e-02
0.638958 -5.362729e-02
0.649245 -5.181410e-02
0.658735 -4.958679e-02
0.668885 -4.776258e-02
0.678957 -4.572968e-02
0.688236 -4.347240e-02
0.698144 -4.152954e-02
0.707961 -3.918268e-02
0.716991 -3.715699e-02
0.726619 -3.504400e-02
0.736142 -3.270054e-02
0.744888 -3.047171e-02
0.754197 -2.819563e-02
0.762736 -2.574024e-02
0.771815 -2.358919e-02
0.780769 -2.101567e-02
0.788967 -1.841710e-02
0.797667 -1.619367e-02
0.806229 -1.328864e-02
0.814054 -1.076165e-02
0.822340 -8.228818e-03
0.830477 -5.350676e-03
0.837897 -2.674992e-03
0.845737 +2.649564e-04
0.853418 +3.141261e-03
0.860404 +6.141496e-03
0.867766 +8.790350e-03
0.874959 +1.194547e-02
0.881483 +1.526315e-02
0.888339 +1.804619e-02
0.894545 +2.135956e-02
0.901053 +2.446939e-02
0.907376 +2.772941e-02
0.913078 +3.102954e-02
0.919036 +3.431626e-02
0.924799 +3.772229e-02
0.929976 +4.114357e-02
0.935359 +4.460902e-02
0.940542 +4.804218e-02
0.945172 +5.141949e-02
0.949960 +5.466755e-02
0.954540 +5.813807e-02
0.958606 +6.147855e-02
0.962780 +6.495335e-02
0.966740 +6.830707e-02
0.970224 +7.126613e-02
0.973767 +7.464853e-02
0.976862 +7.758020e-02
0.979982 +8.052014e-02
0.982880 +8.329687e-02
0.985372 +8.618218e-02
0.987839 +8.861654e-02
0.990081 +9.105510e-02
0.991961 +9.297393e-02
0.993766 +9.493625e-02
0.995343 +9.673156e-02
0.996603 +9.818179e-02
0.997738 +9.945143e-02
0.998644 +1.003700e-01
0.999279 +1.007722e-01
0.999740 +1.021132e-01
0.999962 +1.038472e-01
