# NACA0012 Re=4.00e+05 cf vs x/c (upper block, then lower)
# upper
0.000029 +2.906548e-02
0.000260 +1.881076e-02
0.000721 +1.734882e-02
0.001356 +1.636205e-02
0.002262 +1.724621e-02
0.003397 +1.756606e-02
0.004657 +1.948228e-02
0.006234 +1.897215e-02
0.008039 +2.045129e-02
0.009919 +2.137942e-02
0.012161 +2.500813e-02
0.014628 +3.456486e-02
0.017120 +3.613628e-02
0.020018 +3.470108e-02
0.023138 +3.788618e-02
0.026233 +2.988677e-02
0.029776 +2.640455e-02
0.033260 +2.397589e-02
0.037220 +2.085879e-02
0.041394 +1.805643e-02
0.045460 +1.547091e-02
0.050040 +1.308022e-02
0.054828 +1.128157e-02
0.059458 +9.790650e-03
0.064641 +8.517103e-03
0.070024 +7.310558e-03
0.075201 +6.441359e-03
0.080964 +5.721001e-03
0.086922 +5.196474e-03
0.092624 +4.861309e-03
0.098947 +4.812694e-03
0.105455 +5.492741e-03
0.111661 +6.972749e-03
0.118517 +8.332651e-03
0.125041 +8.654536e-03
0.132234 +8.658012e-03
0.139596 +8.674631e-03
0.146582 +8.539383e-03
0.154263 +8.465886e-03
0.162103 +8.229174e-03
0.169523 +8.135738e-03
0.177660 +7.957619e-03
0.185946 +7.828756e-03
0.193771 +7.731583e-03
0.202333 +7.579282e-03
0.211033 +7.502431e-03
0.219231 +7.424179e-03
0.228185 +7.378364e-03
0.237264 +7.339504e-03
0.245803 +7.348507e-03
0.255112 +7.188157e-03
0.263858 +7.175267e-03
0.273381 +7.290142e-03
0.283009 +6.659223e-03
0.292039 +7.177725e-03
0.301856 +7.528564e-03
0.311764 +7.074557e-03
0.321043 +6.649871e-03
0.331115 +6.502905e-03
0.341265 +6.271623e-03
0.350755 +6.057206e-03
0.361042 +5.846712e-03
0.371394 +5.676772e-03
0.381059 +5.484942e-03
0.391520 +5.267447e-03
0.402032 +5.120681e-03
0.411833 +4.979103e-03
0.422427 +4.860575e-03
0.432297 +4.696885e-03
0.442956 +4.518780e-03
0.453641 +4.395376e-03
0.463582 +4.289146e-03
0.474305 +4.171429e-03
0.485039 +4.059532e-03
0.495012 +3.947633e-03
0.505755 +3.841987e-03
0.516495 +3.757559e-03
0.526462 +3.659101e-03
0.537183 +3.543071e-03
0.547887 +3.469112e-03
0.557807 +3.382358e-03
0.568463 +3.292474e-03
0.579089 +3.217193e-03
0.588922 +3.129232e-03
0.599473 +3.040450e-03
0.609229 +2.972747e-03
0.619686 +2.891355e-03
0.630089 +2.828507e-03
0.639695 +2.755497e-03
0.649977 +2.685709e-03
0.660190 +2.611045e-03
0.669607 +2.544477e-03
0.679673 +2.475078e-03
0.689657 +2.397669e-03
0.698849 +2.338869e-03
0.708659 +2.280622e-03
0.718373 +2.204049e-03
0.727303 +2.125992e-03
0.736818 +2.056045e-03
0.746225 +1.986957e-03
0.754857 +1.913735e-03
0.764041 +1.842200e-03
0.772459 +1.774208e-03
0.781403 +1.704663e-03
0.790218 +1.632501e-03
0.798283 +1.548249e-03
0.806835 +1.482666e-03
0.815246 +1.412464e-03
0.822926 +1.340564e-03
0.831053 +1.272337e-03
0.839027 +1.194931e-03
0.846291 +1.122772e-03
0.853960 +1.050500e-03
0.861466 +9.786705e-04
0.868286 +9.054027e-04
0.875466 +8.360514e-04
0.882474 +7.714444e-04
0.888822 +7.043589e-04
0.895486 +6.433557e-04
0.901511 +5.828149e-04
0.907820 +5.273503e-04
0.913941 +4.723664e-04
0.919454 +4.217204e-04
0.925204 +3.721472e-04
0.930757 +3.308243e-04
0.935736 +2.879683e-04
0.940904 +2.462243e-04
0.945868 +2.134906e-04
0.950294 +1.809533e-04
0.954859 +1.504517e-04
0.959215 +1.266469e-04
0.963070 +1.029297e-04
0.967014 +8.065249e-05
0.970744 +6.109306e-05
0.974012 +4.361647e-05
0.977321 +3.090804e-05
0.980196 +1.781484e-05
0.983079 +5.239117e-06
0.985738 -4.467836e-06
0.988007 -1.318589e-05
0.990233 -2.081505e-05
0.992233 -2.670625e-05
0.993886 -3.087783e-05
0.995447 -3.436376e-05
0.996779 -3.670348e-05
0.997810 -2.946232e-05
0.998700 +2.732020e-06
0.999359 +8.814366e-05
0.999764 +1.678440e-04
0.999979 +1.350681e-03
# lower
0.000021 -2.959080e-02
0.000236 -3.911770e-02
0.000641 -3.262719e-02
0.001300 -1.911936e-02
0.002190 -8.635524e-03
0.003221 -2.420275e-03
0.004553 +2.214448e-04
0.006114 +2.859585e-03
0.007767 +5.743336e-03
0.009767 +8.912860e-03
0.011993 +1.089692e-02
0.014262 +1.372711e-02
0.016921 +1.429949e-02
0.019804 +1.574855e-02
0.022679 +1.525033e-02
0.025988 +1.535502e-02
0.029256 +1.566904e-02
0.032986 +1.568294e-02
0.036930 +1.507058e-02
0.040785 +1.437844e-02
0.045141 +1.432900e-02
0.049706 +1.229547e-02
0.054132 +1.203837e-02
0.059096 +1.122531e-02
0.064264 +1.055895e-02
0.069243 +9.835217e-03
0.074796 +9.386215e-03
0.080546 +8.618278e-03
0.086059 +8.234799e-03
0.092180 +7.790311e-03
0.098489 +7.584805e-03
0.104514 +7.862252e-03
0.111178 +8.451594e-03
0.117526 +8.990789e-03
0.124534 +8.839393e-03
0.131714 +8.359355e-03
0.138534 +7.926724e-03
0.146040 +7.569964e-03
0.153709 +7.270956e-03
0.160973 +7.017170e-03
0.168947 +6.913038e-03
0.177074 +6.730207e-03
0.184754 +6.666680e-03
0.193165 +6.561581e-03
0.201717 +6.500791e-03
0.209782 +6.461822e-03
0.218597 +6.443272e-03
0.227541 +6.437727e-03
0.235959 +6.497202e-03
0.245143 +6.455501e-03
0.253775 +6.532578e-03
0.263182 +6.496791e-03
0.272697 +6.512136e-03
0.281627 +6.280664e-03
0.291341 +6.520311e-03
0.301151 +6.968781e-03
0.310343 +6.721219e-03
0.320327 +6.426526e-03
0.330393 +6.318337e-03
0.339810 +6.144345e-03
0.350023 +5.982465e-03
0.360305 +5.864133e-03
0.369911 +5.731033e-03
0.380314 +5.609341e-03
0.390771 +5.449548e-03
0.400527 +5.332440e-03
0.411078 +5.231950e-03
0.420911 +5.150760e-03
0.431537 +5.040014e-03
0.442193 +4.903422e-03
0.452113 +4.813361e-03
0.462817 +4.733682e-03
0.473538 +4.647171e-03
0.483505 +4.578234e-03
0.494245 +4.495632e-03
0.504988 +4.420466e-03
0.514961 +4.366136e-03
0.525695 +4.300119e-03
0.536418 +4.224207e-03
0.546359 +4.160695e-03
0.557044 +4.103991e-03
0.567703 +4.050144e-03
0.577573 +4.001627e-03
0.588167 +3.937641e-03
0.597968 +3.872800e-03
0.608480 +3.837559e-03
0.618941 +3.772994e-03
0.628606 +3.744047e-03
0.638958 +3.701661e-03
0.649245 +3.663132e-03
0.658735 +3.612437e-03
0.668885 +3.578336e-03
0.678957 +3.535282e-03
0.688236 +3.488753e-03
0.698144 +3.457368e-03
0.707961 +3.445340e-03
0.716991 +3.393585e-03
0.726619 +3.343775e-03
0.736142 +3.300820e-03
0.744888 +3.271127e-03
0.754197 +3.228434e-03
0.762736 +3.191357e-03
0.771815 +3.159425e-03
0.780769 +3.127221e-03
0.788967 +3.097673e-03
0.797667 +3.036546e-03
0.806229 +3.020576e-03
0.814054 +3.004948e-03
0.822340 +2.965793e-03
0.830477 +2.933261e-03
0.837897 +2.905219e-03
0.845737 +2.870825e-03
0.853418 +2.841009e-03
0.860404 +2.811145e-03
0.867766 +2.767267e-03
0.874959 +2.726367e-03
0.881483 +2.715225e-03
0.888339 +2.678705e-03
0.894545 +2.638749e-03
0.901053 +2.605985e-03
0.907376 +2.575025e-03
0.913078 +2.546631e-03
0.919036 +2.501744e-03
0.924799 +2.470664e-03
0.929976 +2.441800e-03
0.935359 +2.415955e-03
0.940542 +2.376559e-03
0.945172 +2.344172e-03
0.949960 +2.305665e-03
0.954540 +2.261576e-03
0.958606 +2.236478e-03
0.962780 +2.196874e-03
0.966740 +2.163986e-03
0.970224 +2.124847e-03
0.973767 +2.091844e-03
0.976862 +2.069659e-03
0.979982 +2.035693e-03
0.982880 +1.993300e-03
0.985372 +1.970164e-03
0.987839 +1.935092e-03
0.990081 +1.912338e-03
0.991961 +1.883628e-03
0.993766 +1.864838e-03
0.995343 +1.850904e-03
0.996603 +1.847883e-03
0.997738 +1.843068e-03
0.998644 +1.861306e-03
0.999279 +1.900476e-03
0.999740 +1.931878e-03
0.999962 +2.018837e-03
