# NACA0012 Re=4.00e+05 cf vs x/c (upper block, then lower)
# upper
0.000029 +2.901778e-02
0.000260 +1.900806e-02
0.000721 +1.755305e-02
0.001356 +1.662358e-02
0.002262 +1.761604e-02
0.003397 +1.801835e-02
0.004657 +2.013932e-02
0.006234 +1.981026e-02
0.008039 +2.163636e-02
0.009919 +2.293327e-02
0.012161 +2.797075e-02
0.014628 +3.616844e-02
0.017120 +3.350181e-02
0.020018 +3.252876e-02
0.023138 +3.527621e-02
0.026233 +2.821093e-02
0.029776 +2.512562e-02
0.033260 +2.292338e-02
0.037220 +1.952984e-02
0.041394 +1.726099e-02
0.045460 +1.508392e-02
0.050040 +1.285537e-02
0.054828 +1.130187e-02
0.059458 +1.001127e-02
0.064641 +8.993088e-03
0.070024 +8.054159e-03
0.075201 +7.500245e-03
0.080964 +7.102068e-03
0.086922 +6.924787e-03
0.092624 +6.848486e-03
0.098947 +6.898168e-03
0.105455 +7.009958e-03
0.111661 +7.206370e-03
0.118517 +7.394446e-03
0.125041 +7.386194e-03
0.132234 +7.301917e-03
0.139596 +7.344373e-03
0.146582 +7.297662e-03
0.154263 +7.295685e-03
0.162103 +7.211901e-03
0.169523 +7.251971e-03
0.177660 +7.203420e-03
0.185946 +7.194984e-03
0.193771 +7.191643e-03
0.202333 +7.131519e-03
0.211033 +7.123689e-03
0.219231 +7.111134e-03
0.228185 +7.131984e-03
0.237264 +7.132615e-03
0.245803 +7.162775e-03
0.255112 +7.024423e-03
0.263858 +7.035599e-03
0.273381 +7.170422e-03
0.283009 +6.558691e-03
0.292039 +7.078022e-03
0.301856 +7.434377e-03
0.311764 +6.981624e-03
0.321043 +6.560397e-03
0.331115 +6.424773e-03
0.341265 +6.194085e-03
0.350755 +5.987566e-03
0.361042 +5.781364e-03
0.371394 +5.614771e-03
0.381059 +5.426455e-03
0.391520 +5.212300e-03
0.402032 +5.067916e-03
0.411833 +4.927587e-03
0.422427 +4.808907e-03
0.432297 +4.648179e-03
0.442956 +4.472427e-03
0.453641 +4.350112e-03
0.463582 +4.244728e-03
0.474305 +4.127945e-03
0.485039 +4.016695e-03
0.495012 +3.905562e-03
0.505755 +3.800235e-03
0.516495 +3.716101e-03
0.526462 +3.618189e-03
0.537183 +3.503321e-03
0.547887 +3.428983e-03
0.557807 +3.342550e-03
0.568463 +3.254627e-03
0.579089 +3.178463e-03
0.588922 +3.090566e-03
0.599473 +3.003259e-03
0.609229 +2.933754e-03
0.619686 +2.853826e-03
0.630089 +2.789561e-03
0.639695 +2.717339e-03
0.649977 +2.646677e-03
0.660190 +2.572946e-03
0.669607 +2.506051e-03
0.679673 +2.435825e-03
0.689657 +2.358330e-03
0.698849 +2.300083e-03
0.708659 +2.242911e-03
0.718373 +2.165471e-03
0.727303 +2.085763e-03
0.736818 +2.016731e-03
0.746225 +1.946303e-03
0.754857 +1.872689e-03
0.764041 +1.800787e-03
0.772459 +1.732406e-03
0.781403 +1.662376e-03
0.790218 +1.589853e-03
0.798283 +1.505570e-03
0.806835 +1.439462e-03
0.815246 +1.368919e-03
0.822926 +1.296924e-03
0.831053 +1.228505e-03
0.839027 +1.151156e-03
0.846291 +1.079161e-03
0.853960 +1.007043e-03
0.861466 +9.357049e-04
0.868286 +8.631396e-04
0.875466 +7.945241e-04
0.882474 +7.306868e-04
0.888822 +6.647839e-04
0.895486 +6.049901e-04
0.901511 +5.458701e-04
0.907820 +4.917882e-04
0.913941 +4.383646e-04
0.919454 +3.893794e-04
0.925204 +3.415305e-04
0.930757 +3.017529e-04
0.935736 +2.605800e-04
0.940904 +2.207194e-04
0.945868 +1.895169e-04
0.950294 +1.586037e-04
0.954859 +1.296928e-04
0.959215 +1.071749e-04
0.963070 +8.474601e-05
0.967014 +6.384027e-05
0.970744 +4.541802e-05
0.974012 +2.899884e-05
0.977321 +1.704671e-05
0.980196 +4.794578e-06
0.983079 -6.921489e-06
0.985738 -1.601460e-05
0.988007 -2.423443e-05
0.990233 -3.145018e-05
0.992233 -3.710341e-05
0.993886 -4.134773e-05
0.995447 -4.544202e-05
0.996779 -4.856058e-05
0.997810 -4.174703e-05
0.998700 -8.474792e-06
0.999359 +8.034797e-05
0.999764 +1.623972e-04
0.999979 +1.366067e-03
# lower
0.000021 -2.940559e-02
0.000236 -3.849759e-02
0.000641 -3.154796e-02
0.001300 -1.692094e-02
0.002190 -7.430247e-03
0.003221 -1.922955e-03
0.004553 +4.805384e-04
0.006114 +3.280831e-03
0.007767 +6.154737e-03
0.009767 +9.629299e-03
0.011993 +1.124689e-02
0.014262 +1.469053e-02
0.016921 +1.512014e-02
0.019804 +1.607608e-02
0.022679 +1.553897e-02
0.025988 +1.562984e-02
0.029256 +1.637818e-02
0.032986 +1.595948e-02
0.036930 +1.535249e-02
0.040785 +1.466259e-02
0.045141 +1.463573e-02
0.049706 +1.274787e-02
0.054132 +1.235189e-02
0.059096 +1.168552e-02
0.064264 +1.128014e-02
0.069243 +1.041929e-02
0.074796 +9.809121e-03
0.080546 +9.250625e-03
0.086059 +8.781238e-03
0.092180 +8.366812e-03
0.098489 +8.010276e-03
0.104514 +7.689180e-03
0.111178 +7.417018e-03
0.117526 +7.187455e-03
0.124534 +6.939566e-03
0.131714 +6.810028e-03
0.138534 +6.713270e-03
0.146040 +6.619158e-03
0.153709 +6.546118e-03
0.160973 +6.490131e-03
0.168947 +6.484444e-03
0.177074 +6.445081e-03
0.184754 +6.456462e-03
0.193165 +6.438588e-03
0.201717 +6.418700e-03
0.209782 +6.408229e-03
0.218597 +6.413649e-03
0.227541 +6.428538e-03
0.235959 +6.503160e-03
0.245143 +6.471777e-03
0.253775 +6.556894e-03
0.263182 +6.536845e-03
0.272697 +6.543617e-03
0.281627 +6.312486e-03
0.291341 +6.556099e-03
0.301151 +7.010014e-03
0.310343 +6.760479e-03
0.320327 +6.467923e-03
0.330393 +6.355223e-03
0.339810 +6.180290e-03
0.350023 +6.017382e-03
0.360305 +5.897839e-03
0.369911 +5.766712e-03
0.380314 +5.640590e-03
0.390771 +5.479309e-03
0.400527 +5.360962e-03
0.411078 +5.261500e-03
0.420911 +5.177275e-03
0.431537 +5.065474e-03
0.442193 +4.927580e-03
0.452113 +4.836536e-03
0.462817 +4.758570e-03
0.473538 +4.668909e-03
0.483505 +4.599002e-03
0.494245 +4.515481e-03
0.504988 +4.439736e-03
0.514961 +4.384789e-03
0.525695 +4.319098e-03
0.536418 +4.241670e-03
0.546359 +4.177568e-03
0.557044 +4.120787e-03
0.567703 +4.066154e-03
0.577573 +4.017239e-03
0.588167 +3.952769e-03
0.597968 +3.886870e-03
0.608480 +3.852149e-03
0.618941 +3.786603e-03
0.628606 +3.758160e-03
0.638958 +3.715373e-03
0.649245 +3.676567e-03
0.658735 +3.625659e-03
0.668885 +3.591387e-03
0.678957 +3.548086e-03
0.688236 +3.501448e-03
0.698144 +3.469973e-03
0.707961 +3.457897e-03
0.716991 +3.406012e-03
0.726619 +3.355995e-03
0.736142 +3.312949e-03
0.744888 +3.283293e-03
0.754197 +3.240486e-03
0.762736 +3.203377e-03
0.771815 +3.171447e-03
0.780769 +3.139157e-03
0.788967 +3.109691e-03
0.797667 +3.048484e-03
0.806229 +3.032603e-03
0.814054 +3.015073e-03
0.822340 +2.977990e-03
0.830477 +2.945496e-03
0.837897 +2.917631e-03
0.845737 +2.882138e-03
0.853418 +2.852295e-03
0.860404 +2.823996e-03
0.867766 +2.780150e-03
0.874959 +2.739322e-03
0.881483 +2.728540e-03
0.888339 +2.692202e-03
0.894545 +2.652446e-03
0.901053 +2.619953e-03
0.907376 +2.587955e-03
0.913078 +2.561065e-03
0.919036 +2.516483e-03
0.924799 +2.484461e-03
0.929976 +2.457223e-03
0.935359 +2.431858e-03
0.940542 +2.392877e-03
0.945172 +2.360927e-03
0.949960 +2.322722e-03
0.954540 +2.279000e-03
0.958606 +2.254466e-03
0.962780 +2.215330e-03
0.966740 +2.182963e-03
0.970224 +2.144203e-03
0.973767 +2.111900e-03
0.976862 +2.090191e-03
0.979982 +2.056897e-03
0.982880 +2.014995e-03
0.985372 +1.990716e-03
0.987839 +1.957796e-03
0.990081 +1.935642e-03
0.991961 +1.907613e-03
0.993766 +1.889207e-03
0.995343 +1.876129e-03
0.996603 +1.873875e-03
0.997738 +1.869622e-03
0.998644 +1.888557e-03
0.999279 +1.929142e-03
0.999740 +1.960056e-03
0.999962 +2.049566e-03
