# NACA0012 Re=4.00e+05 cp vs x/c (upper block, then lower)
# upper
0.000029 +1.041247e+00
0.000260 +1.057747e+00
0.000721 +1.028021e+00
0.001356 +9.568471e-01
0.002262 +8.473551e-01
0.003397 +7.390711e-01
0.004657 +6.309676e-01
0.006234 +5.123329e-01
0.008039 +4.236524e-01
0.009919 +3.412555e-01
0.012161 +2.496420e-01
0.014628 +1.866205e-01
0.017120 +1.144671e-01
0.020018 +5.462901e-02
0.023138 +1.691646e-02
0.026233 -3.173236e-02
0.029776 -6.952375e-02
0.033260 -1.127868e-01
0.037220 -1.210796e-01
0.041394 -1.554774e-01
0.045460 -1.755881e-01
0.050040 -1.884868e-01
0.054828 -2.070980e-01
0.059458 -2.234878e-01
0.064641 -2.331534e-01
0.070024 -2.489544e-01
0.075201 -2.592715e-01
0.080964 -2.672822e-01
0.086922 -2.711225e-01
0.092624 -2.840183e-01
0.098947 -2.861444e-01
0.105455 -2.926548e-01
0.111661 -2.962677e-01
0.118517 -3.011034e-01
0.125041 -3.049700e-01
0.132234 -3.045623e-01
0.139596 -3.109354e-01
0.146582 -3.084121e-01
0.154263 -3.136172e-01
0.162103 -3.116991e-01
0.169523 -3.115105e-01
0.177660 -3.102456e-01
0.185946 -3.066523e-01
0.193771 -3.116473e-01
0.202333 -3.046605e-01
0.211033 -3.084757e-01
0.219231 -3.039642e-01
0.228185 -3.014613e-01
0.237264 -2.995227e-01
0.245803 -2.957751e-01
0.255112 -2.894477e-01
0.263858 -2.969235e-01
0.273381 -2.853702e-01
0.283009 -2.829568e-01
0.292039 -2.840556e-01
0.301856 -2.790964e-01
0.311764 -2.725531e-01
0.321043 -2.671715e-01
0.331115 -2.719684e-01
0.341265 -2.609508e-01
0.350755 -2.622069e-01
0.361042 -2.533899e-01
0.371394 -2.497748e-01
0.381059 -2.465971e-01
0.391520 -2.430368e-01
0.402032 -2.397119e-01
0.411833 -2.320167e-01
0.422427 -2.282221e-01
0.432297 -2.247533e-01
0.442956 -2.191065e-01
0.453641 -2.149079e-01
0.463582 -2.104949e-01
0.474305 -2.050041e-01
0.485039 -2.003892e-01
0.495012 -1.958202e-01
0.505755 -1.905179e-01
0.516495 -1.857129e-01
0.526462 -1.808363e-01
0.537183 -1.769501e-01
0.547887 -1.712992e-01
0.557807 -1.660693e-01
0.568463 -1.620426e-01
0.579089 -1.561139e-01
0.588922 -1.522537e-01
0.599473 -1.468567e-01
0.609229 -1.422444e-01
0.619686 -1.377109e-01
0.630089 -1.325497e-01
0.639695 -1.279086e-01
0.649977 -1.230144e-01
0.660190 -1.184776e-01
0.669607 -1.132385e-01
0.679673 -1.083643e-01
0.689657 -1.037476e-01
0.698849 -9.868528e-02
0.708659 -9.402650e-02
0.718373 -8.872331e-02
0.727303 -8.420478e-02
0.736818 -7.919206e-02
0.746225 -7.435582e-02
0.754857 -6.915779e-02
0.764041 -6.435259e-02
0.772459 -5.926249e-02
0.781403 -5.393048e-02
0.790218 -4.897308e-02
0.798283 -4.396352e-02
0.806835 -3.849432e-02
0.815246 -3.383293e-02
0.822926 -2.858288e-02
0.831053 -2.312899e-02
0.839027 -1.782638e-02
0.846291 -1.232435e-02
0.853960 -6.959402e-03
0.861466 -1.447158e-03
0.868286 +3.434535e-03
0.875466 +9.056876e-03
0.882474 +1.492851e-02
0.888822 +1.991538e-02
0.895486 +2.559163e-02
0.901511 +3.092929e-02
0.907820 +3.679113e-02
0.913941 +4.184067e-02
0.919454 +4.755549e-02
0.925204 +5.314510e-02
0.930757 +5.820152e-02
0.935736 +6.309865e-02
0.940904 +6.866170e-02
0.945868 +7.400861e-02
0.950294 +7.876524e-02
0.954859 +8.365345e-02
0.959215 +8.860787e-02
0.963070 +9.303540e-02
0.967014 +9.737104e-02
0.970744 +1.014354e-01
0.974012 +1.054906e-01
0.977321 +1.091670e-01
0.980196 +1.127583e-01
0.983079 +1.163525e-01
0.985738 +1.193852e-01
0.988007 +1.220642e-01
0.990233 +1.246338e-01
0.992233 +1.270249e-01
0.993886 +1.290931e-01
0.995447 +1.307071e-01
0.996779 +1.323961e-01
0.997810 +1.337002e-01
0.998700 +1.344391e-01
0.999359 +1.355922e-01
0.999764 +1.367450e-01
0.999979 +1.390064e-01
# lower
0.000021 +9.964781e-01
0.000236 +8.901382e-01
0.000641 +7.537503e-01
0.001300 +5.920847e-01
0.002190 +4.296164e-01
0.003221 +2.361824e-01
0.004553 +1.133452e-01
0.006114 -2.959227e-02
0.007767 -1.105983e-01
0.009767 -1.584239e-01
0.011993 -2.473903e-01
0.014262 -2.961969e-01
0.016921 -3.598539e-01
0.019804 -4.067557e-01
0.022679 -4.224401e-01
0.025988 -4.518811e-01
0.029256 -4.827128e-01
0.032986 -5.050930e-01
0.036930 -5.020939e-01
0.040785 -5.150810e-01
0.045141 -5.148247e-01
0.049706 -5.276491e-01
0.054132 -5.265980e-01
0.059096 -5.296935e-01
0.064264 -5.278808e-01
0.069243 -5.337454e-01
0.074796 -5.302279e-01
0.080546 -5.290408e-01
0.086059 -5.303289e-01
0.092180 -5.266055e-01
0.098489 -5.242944e-01
0.104514 -5.204078e-01
0.111178 -5.203842e-01
0.117526 -5.126471e-01
0.124534 -5.111035e-01
0.131714 -5.070458e-01
0.138534 -5.020239e-01
0.146040 -4.983473e-01
0.153709 -4.895324e-01
0.160973 -4.860713e-01
0.168947 -4.794395e-01
0.177074 -4.732654e-01
0.184754 -4.696327e-01
0.193165 -4.630554e-01
0.201717 -4.527784e-01
0.209782 -4.498451e-01
0.218597 -4.453886e-01
0.227541 -4.373582e-01
0.235959 -4.295906e-01
0.245143 -4.211718e-01
0.253775 -4.174299e-01
0.263182 -4.141683e-01
0.272697 -4.031891e-01
0.281627 -3.940833e-01
0.291341 -3.933659e-01
0.301151 -3.853332e-01
0.310343 -3.760227e-01
0.320327 -3.671265e-01
0.330393 -3.656977e-01
0.339810 -3.567344e-01
0.350023 -3.531894e-01
0.360305 -3.408716e-01
0.369911 -3.359847e-01
0.380314 -3.294552e-01
0.390771 -3.226826e-01
0.400527 -3.168211e-01
0.411078 -3.109444e-01
0.420911 -3.007197e-01
0.431537 -2.965537e-01
0.442193 -2.870687e-01
0.452113 -2.826631e-01
0.462817 -2.748830e-01
0.473538 -2.670962e-01
0.483505 -2.602308e-01
0.494245 -2.544567e-01
0.504988 -2.478780e-01
0.514961 -2.407396e-01
0.525695 -2.338739e-01
0.536418 -2.261131e-01
0.546359 -2.204802e-01
0.557044 -2.138397e-01
0.567703 -2.066510e-01
0.577573 -2.005249e-01
0.588167 -1.937254e-01
0.597968 -1.872343e-01
0.608480 -1.809559e-01
0.618941 -1.740781e-01
0.628606 -1.678406e-01
0.638958 -1.615714e-01
0.649245 -1.550857e-01
0.658735 -1.487773e-01
0.668885 -1.423761e-01
0.678957 -1.358818e-01
0.688236 -1.296343e-01
0.698144 -1.229803e-01
0.707961 -1.167461e-01
0.716991 -1.104068e-01
0.726619 -1.038715e-01
0.736142 -9.738232e-02
0.744888 -9.141837e-02
0.754197 -8.486356e-02
0.762736 -7.869972e-02
0.771815 -7.232866e-02
0.780769 -6.566707e-02
0.788967 -5.935003e-02
0.797667 -5.333164e-02
0.806229 -4.658417e-02
0.814054 -3.997936e-02
0.822340 -3.344227e-02
0.830477 -2.690666e-02
0.837897 -2.046621e-02
0.845737 -1.412324e-02
0.853418 -7.296596e-03
0.860404 -5.660122e-04
0.867766 +5.631111e-03
0.874959 +1.214975e-02
0.881483 +1.866585e-02
0.888339 +2.499272e-02
0.894545 +3.144990e-02
0.901053 +3.752131e-02
0.907376 +4.373457e-02
0.913078 +4.999646e-02
0.919036 +5.597881e-02
0.924799 +6.205096e-02
0.929976 +6.766834e-02
0.935359 +7.304231e-02
0.940542 +7.840361e-02
0.945172 +8.346347e-02
0.949960 +8.825858e-02
0.954540 +9.322972e-02
0.958606 +9.760428e-02
0.962780 +1.015960e-01
0.966740 +1.054195e-01
0.970224 +1.092521e-01
0.973767 +1.126363e-01
0.976862 +1.157718e-01
0.979982 +1.187875e-01
0.982880 +1.216408e-01
0.985372 +1.241115e-01
0.987839 +1.263296e-01
0.990081 +1.283868e-01
0.991961 +1.301282e-01
0.993766 +1.312794e-01
0.995343 +1.326682e-01
0.996603 +1.340135e-01
0.997738 +1.347525e-01
0.998644 +1.355431e-01
0.999279 +1.362253e-01
0.999740 +1.368684e-01
0.999962 +1.372679e-01
