# NACA0012 Re=4.00e+05 cp vs x/c (upper block, then lower)
# upper
0.000029 +4.081252e-01
0.000260 +8.265191e-02
0.000721 -1.952074e-01
0.001356 -4.622406e-01
0.002262 -6.782973e-01
0.003397 -8.755912e-01
0.004657 -9.959795e-01
0.006234 -1.121996e+00
0.008039 -1.171246e+00
0.009919 -1.140771e+00
0.012161 -1.161162e+00
0.014628 -1.161071e+00
0.017120 -1.184640e+00
0.020018 -1.203614e+00
0.023138 -1.161682e+00
0.026233 -1.167862e+00
0.029776 -1.156451e+00
0.033260 -1.159150e+00
0.037220 -1.105513e+00
0.041394 -1.100703e+00
0.045460 -1.076809e+00
0.050040 -1.048836e+00
0.054828 -1.032472e+00
0.059458 -1.014534e+00
0.064641 -9.892241e-01
0.070024 -9.754899e-01
0.075201 -9.580534e-01
0.080964 -9.402183e-01
0.086922 -9.180412e-01
0.092624 -9.071084e-01
0.098947 -8.859439e-01
0.105455 -8.719229e-01
0.111661 -8.549969e-01
0.118517 -8.398432e-01
0.125041 -8.241801e-01
0.132234 -8.045018e-01
0.139596 -7.919584e-01
0.146582 -7.722205e-01
0.154263 -7.598821e-01
0.162103 -7.438460e-01
0.169523 -7.298556e-01
0.177660 -7.144371e-01
0.185946 -6.972099e-01
0.193771 -6.895996e-01
0.202333 -6.690972e-01
0.211033 -6.606623e-01
0.219231 -6.454652e-01
0.228185 -6.318521e-01
0.237264 -6.193514e-01
0.245803 -6.045914e-01
0.255112 -5.879054e-01
0.263858 -5.877520e-01
0.273381 -5.650331e-01
0.283009 -5.538143e-01
0.292039 -5.463485e-01
0.301856 -5.326826e-01
0.311764 -5.183094e-01
0.321043 -5.052588e-01
0.331115 -5.015726e-01
0.341265 -4.842255e-01
0.350755 -4.769791e-01
0.361042 -4.626678e-01
0.371394 -4.520356e-01
0.381059 -4.416676e-01
0.391520 -4.315458e-01
0.402032 -4.218651e-01
0.411833 -4.080333e-01
0.422427 -3.980729e-01
0.432297 -3.885610e-01
0.442956 -3.775241e-01
0.453641 -3.676818e-01
0.463582 -3.573506e-01
0.474305 -3.464715e-01
0.485039 -3.368390e-01
0.495012 -3.273254e-01
0.505755 -3.168409e-01
0.516495 -3.070829e-01
0.526462 -2.974482e-01
0.537183 -2.885517e-01
0.547887 -2.785208e-01
0.557807 -2.688388e-01
0.568463 -2.598465e-01
0.579089 -2.498067e-01
0.588922 -2.413578e-01
0.599473 -2.319654e-01
0.609229 -2.231421e-01
0.619686 -2.140577e-01
0.630089 -2.050746e-01
0.639695 -1.965499e-01
0.649977 -1.873654e-01
0.660190 -1.787380e-01
0.669607 -1.696084e-01
0.679673 -1.608251e-01
0.689657 -1.524690e-01
0.698849 -1.437869e-01
0.708659 -1.352377e-01
0.718373 -1.264666e-01
0.727303 -1.181311e-01
0.736818 -1.094537e-01
0.746225 -1.009724e-01
0.754857 -9.232036e-02
0.764041 -8.404434e-02
0.772459 -7.564530e-02
0.781403 -6.693246e-02
0.790218 -5.875354e-02
0.798283 -5.046144e-02
0.806835 -4.207903e-02
0.815246 -3.449623e-02
0.822926 -2.683032e-02
0.831053 -1.879710e-02
0.839027 -1.105338e-02
0.846291 -3.209718e-03
0.853960 +4.342728e-03
0.861466 +1.126080e-02
0.868286 +1.779592e-02
0.875466 +2.479480e-02
0.882474 +3.129942e-02
0.888822 +3.726892e-02
0.895486 +4.302591e-02
0.901511 +4.856525e-02
0.907820 +5.385709e-02
0.913941 +5.856242e-02
0.919454 +6.314252e-02
0.925204 +6.757362e-02
0.930757 +7.130733e-02
0.935736 +7.465420e-02
0.940904 +7.811837e-02
0.945868 +8.121508e-02
0.950294 +8.373127e-02
0.954859 +8.623378e-02
0.959215 +8.852103e-02
0.963070 +9.048040e-02
0.967014 +9.213100e-02
0.970744 +9.375444e-02
0.974012 +9.510247e-02
0.977321 +9.638219e-02
0.980196 +9.746438e-02
0.983079 +9.849155e-02
0.985738 +9.935185e-02
0.988007 +1.000699e-01
0.990233 +1.007276e-01
0.992233 +1.013148e-01
0.993886 +1.017826e-01
0.995447 +1.021433e-01
0.996779 +1.026038e-01
0.997810 +1.028520e-01
0.998700 +1.030194e-01
0.999359 +1.030202e-01
0.999764 +1.032312e-01
0.999979 +1.053544e-01
# lower
0.000021 +5.747360e-01
0.000236 +7.683029e-01
0.000641 +8.959833e-01
0.001300 +9.950975e-01
0.002190 +1.044976e+00
0.003221 +1.047630e+00
0.004553 +1.018515e+00
0.006114 +9.625160e-01
0.007767 +9.021388e-01
0.009767 +8.360612e-01
0.011993 +7.616225e-01
0.014262 +7.008437e-01
0.016921 +6.341411e-01
0.019804 +5.693362e-01
0.022679 +5.133136e-01
0.025988 +4.618046e-01
0.029256 +4.087801e-01
0.032986 +3.601459e-01
0.036930 +3.259825e-01
0.040785 +2.861657e-01
0.045141 +2.546493e-01
0.049706 +2.174044e-01
0.054132 +1.920670e-01
0.059096 +1.645768e-01
0.064264 +1.405971e-01
0.069243 +1.139396e-01
0.074796 +9.507608e-02
0.080546 +7.459154e-02
0.086059 +5.389897e-02
0.092180 +3.931827e-02
0.098489 +2.309209e-02
0.104514 +1.020029e-02
0.111178 -6.227221e-03
0.117526 -1.441380e-02
0.124534 -2.897664e-02
0.131714 -4.019058e-02
0.138534 -4.882480e-02
0.146040 -5.945223e-02
0.153709 -6.437001e-02
0.160973 -7.494855e-02
0.168947 -8.130500e-02
0.177074 -8.759468e-02
0.184754 -9.451943e-02
0.193165 -9.844640e-02
0.201717 -9.967491e-02
0.209782 -1.072852e-01
0.218597 -1.125460e-01
0.227541 -1.141960e-01
0.235959 -1.160477e-01
0.245143 -1.178098e-01
0.253775 -1.219955e-01
0.263182 -1.262095e-01
0.272697 -1.245467e-01
0.281627 -1.238464e-01
0.291341 -1.303749e-01
0.301151 -1.301206e-01
0.310343 -1.282068e-01
0.320327 -1.263381e-01
0.330393 -1.315648e-01
0.339810 -1.295943e-01
0.350023 -1.326961e-01
0.360305 -1.264264e-01
0.369911 -1.283317e-01
0.380314 -1.281334e-01
0.390771 -1.273295e-01
0.400527 -1.269632e-01
0.411078 -1.269251e-01
0.420911 -1.224080e-01
0.431537 -1.237261e-01
0.442193 -1.194874e-01
0.452113 -1.206699e-01
0.462817 -1.177428e-01
0.473538 -1.147962e-01
0.483505 -1.128277e-01
0.494245 -1.119859e-01
0.504988 -1.102835e-01
0.514961 -1.076386e-01
0.525695 -1.053464e-01
0.536418 -1.021919e-01
0.546359 -1.009488e-01
0.557044 -9.858543e-02
0.567703 -9.569691e-02
0.577573 -9.380108e-02
0.588167 -9.095651e-02
0.597968 -8.847752e-02
0.608480 -8.636239e-02
0.618941 -8.322002e-02
0.628606 -8.091032e-02
0.638958 -7.872744e-02
0.649245 -7.610690e-02
0.658735 -7.322514e-02
0.668885 -7.045172e-02
0.678957 -6.779354e-02
0.688236 -6.527946e-02
0.698144 -6.222358e-02
0.707961 -5.970570e-02
0.716991 -5.686959e-02
0.726619 -5.384139e-02
0.736142 -5.096168e-02
0.744888 -4.861314e-02
0.754197 -4.529224e-02
0.762736 -4.252716e-02
0.771815 -3.943575e-02
0.780769 -3.622775e-02
0.788967 -3.301854e-02
0.797667 -3.064570e-02
0.806229 -2.718110e-02
0.814054 -2.383026e-02
0.822340 -2.066177e-02
0.830477 -1.773491e-02
0.837897 -1.439528e-02
0.845737 -1.102957e-02
0.853418 -7.255384e-03
0.860404 -3.624912e-03
0.867766 -7.991828e-04
0.874959 +2.698303e-03
0.881483 +6.422244e-03
0.888339 +9.704853e-03
0.894545 +1.411280e-02
0.901053 +1.730844e-02
0.907376 +2.128582e-02
0.913078 +2.507993e-02
0.919036 +2.865474e-02
0.924799 +3.276873e-02
0.929976 +3.640734e-02
0.935359 +4.005619e-02
0.940542 +4.398023e-02
0.945172 +4.781698e-02
0.949960 +5.118955e-02
0.954540 +5.517812e-02
0.958606 +5.873253e-02
0.962780 +6.245569e-02
0.966740 +6.548644e-02
0.970224 +6.903686e-02
0.973767 +7.268380e-02
0.976862 +7.568127e-02
0.979982 +7.860162e-02
0.982880 +8.197458e-02
0.985372 +8.480929e-02
0.987839 +8.720544e-02
0.990081 +8.972920e-02
0.991961 +9.165686e-02
0.993766 +9.389915e-02
0.995343 +9.533226e-02
0.996603 +9.646755e-02
0.997738 +9.845925e-02
0.998644 +9.850163e-02
0.999279 +1.007952e-01
0.999740 +1.029797e-01
0.999962 +1.028308e-01
