# NACA0012 Re=4.00e+05 cf vs x/c (upper block, then lower)
# upper
0.000029 -2.599345e-03
0.000260 +2.523128e-04
0.000721 +2.749967e-03
0.001356 +4.339866e-03
0.002262 +6.229821e-03
0.003397 +7.664214e-03
0.004657 +9.637687e-03
0.006234 +1.246910e-02
0.008039 +1.539256e-02
0.009919 +2.805874e-02
0.012161 +3.193386e-02
0.014628 +4.103939e-02
0.017120 +2.626864e-02
0.020018 +3.013430e-02
0.023138 +2.428517e-02
0.026233 +3.168740e-02
0.029776 +2.595014e-02
0.033260 +1.922618e-02
0.037220 +2.235056e-02
0.041394 +2.128880e-02
0.045460 +1.909281e-02
0.050040 +2.011988e-02
0.054828 +1.872800e-02
0.059458 +1.768134e-02
0.064641 +1.726885e-02
0.070024 +1.522598e-02
0.075201 +1.428975e-02
0.080964 +1.370297e-02
0.086922 +1.206281e-02
0.092624 +1.334262e-02
0.098947 +1.169085e-02
0.105455 +1.137200e-02
0.111661 +1.061406e-02
0.118517 +1.045742e-02
0.125041 +9.760587e-03
0.132234 +9.309613e-03
0.139596 +8.672982e-03
0.146582 +8.468727e-03
0.154263 +8.281958e-03
0.162103 +8.025769e-03
0.169523 +8.212576e-03
0.177660 +7.936261e-03
0.185946 +7.658646e-03
0.193771 +7.954698e-03
0.202333 +7.923882e-03
0.211033 +7.594701e-03
0.219231 +7.628807e-03
0.228185 +7.401036e-03
0.237264 +7.815188e-03
0.245803 +7.499438e-03
0.255112 +7.277353e-03
0.263858 +7.590677e-03
0.273381 +7.238857e-03
0.283009 +7.453893e-03
0.292039 +7.158682e-03
0.301856 +8.106222e-03
0.311764 +7.600739e-03
0.321043 +6.363829e-03
0.331115 +5.914038e-03
0.341265 +6.721064e-03
0.350755 +5.971869e-03
0.361042 +5.945054e-03
0.371394 +5.770486e-03
0.381059 +5.555003e-03
0.391520 +5.295885e-03
0.402032 +5.097618e-03
0.411833 +4.979165e-03
0.422427 +4.673113e-03
0.432297 +4.578287e-03
0.442956 +4.403071e-03
0.453641 +4.276777e-03
0.463582 +4.097192e-03
0.474305 +4.007714e-03
0.485039 +3.936417e-03
0.495012 +3.815455e-03
0.505755 +3.692664e-03
0.516495 +3.580968e-03
0.526462 +3.517294e-03
0.537183 +3.439179e-03
0.547887 +3.355775e-03
0.557807 +3.278542e-03
0.568463 +3.166790e-03
0.579089 +3.152593e-03
0.588922 +3.062546e-03
0.599473 +3.050078e-03
0.609229 +2.953025e-03
0.619686 +2.905117e-03
0.630089 +2.879901e-03
0.639695 +2.767706e-03
0.649977 +2.714890e-03
0.660190 +2.670522e-03
0.669607 +2.649574e-03
0.679673 +2.590712e-03
0.689657 +2.552796e-03
0.698849 +2.533107e-03
0.708659 +2.463565e-03
0.718373 +2.415911e-03
0.727303 +2.379645e-03
0.736818 +2.339406e-03
0.746225 +2.283727e-03
0.754857 +2.262632e-03
0.764041 +2.226706e-03
0.772459 +2.174052e-03
0.781403 +2.143997e-03
0.790218 +2.111310e-03
0.798283 +2.039540e-03
0.806835 +2.029626e-03
0.815246 +1.999025e-03
0.822926 +1.942733e-03
0.831053 +1.892390e-03
0.839027 +1.860620e-03
0.846291 +1.841722e-03
0.853960 +1.803240e-03
0.861466 +1.769110e-03
0.868286 +1.690060e-03
0.875466 +1.667552e-03
0.882474 +1.630376e-03
0.888822 +1.579221e-03
0.895486 +1.553593e-03
0.901511 +1.511543e-03
0.907820 +1.461626e-03
0.913941 +1.429160e-03
0.919454 +1.379138e-03
0.925204 +1.327316e-03
0.930757 +1.288703e-03
0.935736 +1.257319e-03
0.940904 +1.210617e-03
0.945868 +1.163315e-03
0.950294 +1.125249e-03
0.954859 +1.079448e-03
0.959215 +1.042466e-03
0.963070 +1.012121e-03
0.967014 +9.623397e-04
0.970744 +9.296699e-04
0.974012 +8.941568e-04
0.977321 +8.675703e-04
0.980196 +8.334386e-04
0.983079 +8.045324e-04
0.985738 +7.820860e-04
0.988007 +7.541011e-04
0.990233 +7.316209e-04
0.992233 +7.001946e-04
0.993886 +6.879708e-04
0.995447 +6.570187e-04
0.996779 +6.526974e-04
0.997810 +6.234174e-04
0.998700 +6.492914e-04
0.999359 +6.404311e-04
0.999764 +6.349131e-04
0.999979 +8.361977e-04
# lower
0.000021 +5.752038e-03
0.000236 +1.114829e-02
0.000641 +1.253878e-02
0.001300 +1.665446e-02
0.002190 +1.832990e-02
0.003221 +2.900945e-02
0.004553 +2.730426e-02
0.006114 +3.375445e-02
0.007767 +3.714748e-02
0.009767 +4.670209e-02
0.011993 +6.923536e-02
0.014262 +9.441967e-02
0.016921 +8.080463e-02
0.019804 +7.869622e-02
0.022679 +3.911899e-02
0.025988 +5.197764e-02
0.029256 +4.189529e-02
0.032986 +4.265097e-02
0.036930 +3.347345e-02
0.040785 +5.365739e-02
0.045141 +2.434956e-02
0.049706 +2.565998e-02
0.054132 +2.573288e-02
0.059096 +2.061729e-02
0.064264 +1.920418e-02
0.069243 +1.719701e-02
0.074796 +1.657600e-02
0.080546 +1.472594e-02
0.086059 +1.323236e-02
0.092180 +1.318076e-02
0.098489 +1.253232e-02
0.104514 +1.129009e-02
0.111178 +1.090655e-02
0.117526 +9.930742e-03
0.124534 +9.709387e-03
0.131714 +9.045363e-03
0.138534 +8.827384e-03
0.146040 +8.357110e-03
0.153709 +8.305628e-03
0.160973 +8.786983e-03
0.168947 +8.387078e-03
0.177074 +8.094972e-03
0.184754 +7.603710e-03
0.193165 +8.327395e-03
0.201717 +7.589677e-03
0.209782 +8.217129e-03
0.218597 +7.752527e-03
0.227541 +7.720252e-03
0.235959 +7.692372e-03
0.245143 +7.615260e-03
0.253775 +7.181974e-03
0.263182 +7.799449e-03
0.272697 +7.078091e-03
0.281627 +7.633171e-03
0.291341 +7.105531e-03
0.301151 +8.142487e-03
0.310343 +7.788575e-03
0.320327 +6.531815e-03
0.330393 +5.955211e-03
0.339810 +7.026060e-03
0.350023 +5.854833e-03
0.360305 +6.016301e-03
0.369911 +5.746289e-03
0.380314 +5.525033e-03
0.390771 +5.237213e-03
0.400527 +5.084954e-03
0.411078 +4.880067e-03
0.420911 +4.757454e-03
0.431537 +4.501400e-03
0.442193 +4.383678e-03
0.452113 +4.210608e-03
0.462817 +4.075603e-03
0.473538 +3.964248e-03
0.483505 +3.874740e-03
0.494245 +3.740943e-03
0.504988 +3.620636e-03
0.514961 +3.507388e-03
0.525695 +3.426916e-03
0.536418 +3.375040e-03
0.546359 +3.290052e-03
0.557044 +3.173248e-03
0.567703 +3.113073e-03
0.577573 +3.032015e-03
0.588167 +3.002311e-03
0.597968 +2.919261e-03
0.608480 +2.884429e-03
0.618941 +2.812794e-03
0.628606 +2.747219e-03
0.638958 +2.681509e-03
0.649245 +2.607296e-03
0.658735 +2.570876e-03
0.668885 +2.516045e-03
0.678957 +2.462269e-03
0.688236 +2.407186e-03
0.698144 +2.399698e-03
0.707961 +2.320183e-03
0.716991 +2.274143e-03
0.726619 +2.232288e-03
0.736142 +2.187116e-03
0.744888 +2.142443e-03
0.754197 +2.100329e-03
0.762736 +2.060253e-03
0.771815 +1.985143e-03
0.780769 +1.958727e-03
0.788967 +1.921457e-03
0.797667 +1.857013e-03
0.806229 +1.816451e-03
0.814054 +1.764977e-03
0.822340 +1.724887e-03
0.830477 +1.672021e-03
0.837897 +1.640295e-03
0.845737 +1.595803e-03
0.853418 +1.555070e-03
0.860404 +1.498885e-03
0.867766 +1.440964e-03
0.874959 +1.388834e-03
0.881483 +1.342161e-03
0.888339 +1.300032e-03
0.894545 +1.248396e-03
0.901053 +1.210468e-03
0.907376 +1.150294e-03
0.913078 +1.102626e-03
0.919036 +1.060839e-03
0.924799 +1.003477e-03
0.929976 +9.596030e-04
0.935359 +9.132267e-04
0.940542 +8.654295e-04
0.945172 +8.187469e-04
0.949960 +7.803036e-04
0.954540 +7.411202e-04
0.958606 +7.037139e-04
0.962780 +6.670003e-04
0.966740 +6.176098e-04
0.970224 +5.935482e-04
0.973767 +5.580109e-04
0.976862 +5.315173e-04
0.979982 +5.046531e-04
0.982880 +4.771510e-04
0.985372 +4.499974e-04
0.987839 +4.301561e-04
0.990081 +4.071780e-04
0.991961 +3.896590e-04
0.993766 +3.707394e-04
0.995343 +3.563363e-04
0.996603 +3.518615e-04
0.997738 +3.285122e-04
0.998644 +3.402382e-04
0.999279 +3.451992e-04
0.999740 +3.466138e-04
