# NACA0012 Re=4.00e+05 cp vs x/c (upper block, then lower)
# upper
0.000029 -2.397466e-02
0.000260 -3.626368e-01
0.000721 -6.779532e-01
0.001356 -9.582882e-01
0.002262 -1.175929e+00
0.003397 -1.351937e+00
0.004657 -1.471703e+00
0.006234 -1.544720e+00
0.008039 -1.594713e+00
0.009919 -1.611780e+00
0.012161 -1.592058e+00
0.014628 -1.559751e+00
0.017120 -1.543352e+00
0.020018 -1.517578e+00
0.023138 -1.487745e+00
0.026233 -1.458159e+00
0.029776 -1.430630e+00
0.033260 -1.396330e+00
0.037220 -1.364294e+00
0.041394 -1.332001e+00
0.045460 -1.302610e+00
0.050040 -1.270853e+00
0.054828 -1.242068e+00
0.059458 -1.214174e+00
0.064641 -1.187359e+00
0.070024 -1.160320e+00
0.075201 -1.134444e+00
0.080964 -1.108633e+00
0.086922 -1.083143e+00
0.092624 -1.058550e+00
0.098947 -1.032883e+00
0.105455 -1.009127e+00
0.111661 -9.852861e-01
0.118517 -9.631823e-01
0.125041 -9.420733e-01
0.132234 -9.208831e-01
0.139596 -9.021106e-01
0.146582 -8.826177e-01
0.154263 -8.624063e-01
0.162103 -8.444644e-01
0.169523 -8.261766e-01
0.177660 -8.076101e-01
0.185946 -7.914597e-01
0.193771 -7.737572e-01
0.202333 -7.568938e-01
0.211033 -7.396921e-01
0.219231 -7.249758e-01
0.228185 -7.082751e-01
0.237264 -6.923044e-01
0.245803 -6.762105e-01
0.255112 -6.622980e-01
0.263858 -6.469013e-01
0.273381 -6.324139e-01
0.283009 -6.197124e-01
0.292039 -6.040023e-01
0.301856 -5.890221e-01
0.311764 -5.754701e-01
0.321043 -5.637978e-01
0.331115 -5.489578e-01
0.341265 -5.361324e-01
0.350755 -5.244135e-01
0.361042 -5.109391e-01
0.371394 -4.982196e-01
0.381059 -4.856653e-01
0.391520 -4.726858e-01
0.402032 -4.606033e-01
0.411833 -4.488509e-01
0.422427 -4.370372e-01
0.432297 -4.253231e-01
0.442956 -4.129569e-01
0.453641 -4.014375e-01
0.463582 -3.902151e-01
0.474305 -3.787217e-01
0.485039 -3.677015e-01
0.495012 -3.569769e-01
0.505755 -3.455743e-01
0.516495 -3.344827e-01
0.526462 -3.241737e-01
0.537183 -3.133444e-01
0.547887 -3.028023e-01
0.557807 -2.926410e-01
0.568463 -2.820873e-01
0.579089 -2.718717e-01
0.588922 -2.620190e-01
0.599473 -2.519985e-01
0.609229 -2.419695e-01
0.619686 -2.320645e-01
0.630089 -2.222230e-01
0.639695 -2.126729e-01
0.649977 -2.030232e-01
0.660190 -1.934535e-01
0.669607 -1.839305e-01
0.679673 -1.743139e-01
0.689657 -1.648607e-01
0.698849 -1.555599e-01
0.708659 -1.459362e-01
0.718373 -1.367723e-01
0.727303 -1.276759e-01
0.736818 -1.181034e-01
0.746225 -1.091787e-01
0.754857 -1.002106e-01
0.764041 -9.119127e-02
0.772459 -8.224725e-02
0.781403 -7.298919e-02
0.790218 -6.415209e-02
0.798283 -5.533479e-02
0.806835 -4.632597e-02
0.815246 -3.785740e-02
0.822926 -2.958974e-02
0.831053 -2.092423e-02
0.839027 -1.283564e-02
0.846291 -4.926272e-03
0.853960 +3.140161e-03
0.861466 +1.057043e-02
0.868286 +1.774922e-02
0.875466 +2.482768e-02
0.882474 +3.152678e-02
0.888822 +3.773606e-02
0.895486 +4.380146e-02
0.901511 +4.937709e-02
0.907820 +5.472729e-02
0.913941 +5.945608e-02
0.919454 +6.390280e-02
0.925204 +6.826747e-02
0.930757 +7.210878e-02
0.935736 +7.555414e-02
0.940904 +7.881245e-02
0.945868 +8.163260e-02
0.950294 +8.418833e-02
0.954859 +8.655583e-02
0.959215 +8.858234e-02
0.963070 +9.035529e-02
0.967014 +9.207890e-02
0.970744 +9.351539e-02
0.974012 +9.477285e-02
0.977321 +9.589937e-02
0.980196 +9.688873e-02
0.983079 +9.777472e-02
0.985738 +9.852945e-02
0.988007 +9.919562e-02
0.990233 +9.980505e-02
0.992233 +1.003400e-01
0.993886 +1.007610e-01
0.995447 +1.011521e-01
0.996779 +1.014832e-01
0.997810 +1.017510e-01
0.998700 +1.019854e-01
0.999359 +1.019452e-01
0.999764 +1.016810e-01
0.999979 +1.030675e-01
# lower
0.000021 +2.558135e-01
0.000236 +5.265081e-01
0.000641 +7.416910e-01
0.001300 +8.912849e-01
0.002190 +9.889640e-01
0.003221 +1.035441e+00
0.004553 +1.045709e+00
0.006114 +1.025072e+00
0.007767 +9.859299e-01
0.009767 +9.379150e-01
0.011993 +8.822087e-01
0.014262 +8.264170e-01
0.016921 +7.661811e-01
0.019804 +7.072721e-01
0.022679 +6.534332e-01
0.025988 +6.010888e-01
0.029256 +5.511070e-01
0.032986 +5.059933e-01
0.036930 +4.607038e-01
0.040785 +4.203190e-01
0.045141 +3.835206e-01
0.049706 +3.481845e-01
0.054132 +3.155997e-01
0.059096 +2.860691e-01
0.064264 +2.553470e-01
0.069243 +2.296392e-01
0.074796 +2.052433e-01
0.080546 +1.815628e-01
0.086059 +1.608886e-01
0.092180 +1.411803e-01
0.098489 +1.223489e-01
0.104514 +1.056332e-01
0.111178 +8.953709e-02
0.117526 +7.488681e-02
0.124534 +6.142499e-02
0.131714 +4.833035e-02
0.138534 +3.616068e-02
0.146040 +2.557684e-02
0.153709 +1.463414e-02
0.160973 +5.328757e-03
0.168947 -3.149233e-03
0.177074 -1.163253e-02
0.184754 -1.865917e-02
0.193165 -2.616121e-02
0.201717 -3.277409e-02
0.209782 -3.854316e-02
0.218597 -4.352561e-02
0.227541 -4.938613e-02
0.235959 -5.266441e-02
0.245143 -5.806719e-02
0.253775 -6.050618e-02
0.263182 -6.410258e-02
0.272697 -6.782268e-02
0.281627 -7.078785e-02
0.291341 -7.340391e-02
0.301151 -7.381496e-02
0.310343 -7.798119e-02
0.320327 -7.760064e-02
0.330393 -8.025014e-02
0.339810 -8.143257e-02
0.350023 -8.211591e-02
0.360305 -8.335170e-02
0.369911 -8.295575e-02
0.380314 -8.365432e-02
0.390771 -8.426872e-02
0.400527 -8.357615e-02
0.411078 -8.364903e-02
0.420911 -8.295402e-02
0.431537 -8.266720e-02
0.442193 -8.212050e-02
0.452113 -8.143488e-02
0.462817 -8.005585e-02
0.473538 -7.950900e-02
0.483505 -7.856993e-02
0.494245 -7.716849e-02
0.504988 -7.575565e-02
0.514961 -7.457906e-02
0.525695 -7.340326e-02
0.536418 -7.172009e-02
0.546359 -7.034358e-02
0.557044 -6.878457e-02
0.567703 -6.703732e-02
0.577573 -6.541369e-02
0.588167 -6.366663e-02
0.597968 -6.210882e-02
0.608480 -6.021049e-02
0.618941 -5.854219e-02
0.628606 -5.639060e-02
0.638958 -5.462574e-02
0.649245 -5.282533e-02
0.658735 -5.060697e-02
0.668885 -4.879568e-02
0.678957 -4.677411e-02
0.688236 -4.452769e-02
0.698144 -4.259967e-02
0.707961 -4.026563e-02
0.716991 -3.825518e-02
0.726619 -3.615593e-02
0.736142 -3.382574e-02
0.744888 -3.161333e-02
0.754197 -2.935392e-02
0.762736 -2.691377e-02
0.771815 -2.478152e-02
0.780769 -2.222384e-02
0.788967 -1.964146e-02
0.797667 -1.744010e-02
0.806229 -1.455294e-02
0.814054 -1.204717e-02
0.822340 -9.535483e-03
0.830477 -6.677270e-03
0.837897 -4.025491e-03
0.845737 -1.106915e-03
0.853418 +1.743607e-03
0.860404 +4.717381e-03
0.867766 +7.338582e-03
0.874959 +1.046998e-02
0.881483 +1.376013e-02
0.888339 +1.651361e-02
0.894545 +1.979908e-02
0.901053 +2.287696e-02
0.907376 +2.610312e-02
0.913078 +2.937320e-02
0.919036 +3.262950e-02
0.924799 +3.599795e-02
0.929976 +3.938542e-02
0.935359 +4.281520e-02
0.940542 +4.620952e-02
0.945172 +4.954986e-02
0.949960 +5.276098e-02
0.954540 +5.619289e-02
0.958606 +5.949386e-02
0.962780 +6.293057e-02
0.966740 +6.624330e-02
0.970224 +6.916494e-02
0.973767 +7.250969e-02
0.976862 +7.539845e-02
0.979982 +7.830257e-02
0.982880 +8.104079e-02
0.985372 +8.389147e-02
0.987839 +8.629181e-02
0.990081 +8.869497e-02
0.991961 +9.057858e-02
0.993766 +9.251467e-02
0.995343 +9.427997e-02
0.996603 +9.570518e-02
0.997738 +9.695298e-02
0.998644 +9.784291e-02
0.999279 +9.822528e-02
0.999740 +9.958157e-02
0.999962 +1.013418e-01
