# NACA0012 Re=4.00e+05 cf vs x/c (upper block, then lower)
# upper
0.000029 +1.144891e-02
0.000260 +1.366413e-02
0.000721 +1.158911e-02
0.001356 +1.205983e-02
0.002262 +1.439187e-02
0.003397 +1.435538e-02
0.004657 +1.688828e-02
0.006234 +1.720038e-02
0.008039 +1.824925e-02
0.009919 +3.302707e-02
0.012161 +4.318242e-02
0.014628 +6.097513e-02
0.017120 +4.645379e-02
0.020018 +6.394113e-02
0.023138 +3.647667e-02
0.026233 +6.564275e-02
0.029776 +3.535215e-02
0.033260 +3.632898e-02
0.037220 +3.205455e-02
0.041394 +5.648334e-02
0.045460 +2.528905e-02
0.050040 +2.300413e-02
0.054828 +2.069905e-02
0.059458 +1.888790e-02
0.064641 +1.778540e-02
0.070024 +1.514757e-02
0.075201 +1.370864e-02
0.080964 +1.267221e-02
0.086922 +1.081359e-02
0.092624 +1.137534e-02
0.098947 +9.775736e-03
0.105455 +8.882551e-03
0.111661 +8.203261e-03
0.118517 +7.989347e-03
0.125041 +7.921194e-03
0.132234 +7.669288e-03
0.139596 +7.805620e-03
0.146582 +7.872877e-03
0.154263 +7.868099e-03
0.162103 +7.698040e-03
0.169523 +7.915439e-03
0.177660 +7.691563e-03
0.185946 +7.468999e-03
0.193771 +7.807182e-03
0.202333 +7.847238e-03
0.211033 +7.566667e-03
0.219231 +7.625492e-03
0.228185 +7.393275e-03
0.237264 +7.816607e-03
0.245803 +7.463386e-03
0.255112 +7.237296e-03
0.263858 +7.421548e-03
0.273381 +7.115914e-03
0.283009 +7.265106e-03
0.292039 +6.938548e-03
0.301856 +7.861343e-03
0.311764 +7.267507e-03
0.321043 +6.068820e-03
0.331115 +5.674213e-03
0.341265 +6.356588e-03
0.350755 +5.607036e-03
0.361042 +5.530303e-03
0.371394 +5.341548e-03
0.381059 +5.113280e-03
0.391520 +4.851673e-03
0.402032 +4.653772e-03
0.411833 +4.520511e-03
0.422427 +4.219673e-03
0.432297 +4.109145e-03
0.442956 +3.935856e-03
0.453641 +3.790147e-03
0.463582 +3.617073e-03
0.474305 +3.513511e-03
0.485039 +3.427355e-03
0.495012 +3.299084e-03
0.505755 +3.167039e-03
0.516495 +3.049421e-03
0.526462 +2.978045e-03
0.537183 +2.893180e-03
0.547887 +2.788946e-03
0.557807 +2.706137e-03
0.568463 +2.606953e-03
0.579089 +2.557655e-03
0.588922 +2.473043e-03
0.599473 +2.426934e-03
0.609229 +2.337773e-03
0.619686 +2.258837e-03
0.630089 +2.209544e-03
0.639695 +2.103888e-03
0.649977 +2.024927e-03
0.660190 +1.978698e-03
0.669607 +1.925938e-03
0.679673 +1.855287e-03
0.689657 +1.791870e-03
0.698849 +1.743741e-03
0.708659 +1.660824e-03
0.718373 +1.600019e-03
0.727303 +1.547374e-03
0.736818 +1.483623e-03
0.746225 +1.416177e-03
0.754857 +1.360721e-03
0.764041 +1.299526e-03
0.772459 +1.223484e-03
0.781403 +1.167419e-03
0.790218 +1.108692e-03
0.798283 +1.037236e-03
0.806835 +9.834395e-04
0.815246 +9.237683e-04
0.822926 +8.616785e-04
0.831053 +7.985450e-04
0.839027 +7.397009e-04
0.846291 +6.900777e-04
0.853960 +6.324490e-04
0.861466 +5.778369e-04
0.868286 +5.193050e-04
0.875466 +4.700901e-04
0.882474 +4.214410e-04
0.888822 +3.740999e-04
0.895486 +3.299486e-04
0.901511 +2.892281e-04
0.907820 +2.457435e-04
0.913941 +2.118084e-04
0.919454 +1.773215e-04
0.925204 +1.429192e-04
0.930757 +1.166946e-04
0.935736 +9.201522e-05
0.940904 +6.695043e-05
0.945868 +4.493277e-05
0.950294 +2.710416e-05
0.954859 +9.370763e-06
0.959215 -5.324940e-06
0.963070 -2.023845e-05
0.967014 -3.047366e-05
0.970744 -3.986900e-05
0.974012 -5.365550e-05
0.977321 -5.970939e-05
0.980196 -6.521225e-05
0.983079 -7.232304e-05
0.985738 -7.566921e-05
0.988007 -7.964982e-05
0.990233 -8.600808e-05
0.992233 -9.315470e-05
0.993886 -1.078649e-04
0.995447 -1.121659e-04
0.996779 -1.197965e-04
0.997810 -1.068773e-04
0.998700 -6.924454e-05
0.999359 -8.571494e-06
0.999764 +3.676215e-05
0.999979 +2.317285e-03
# lower
0.000021 -1.923873e-02
0.000236 -3.626837e-02
0.000641 -2.132524e-02
0.001300 -1.602777e-02
0.002190 -6.536430e-03
0.003221 -1.623612e-03
0.004553 +4.334130e-04
0.006114 +5.874660e-03
0.007767 +9.364696e-03
0.009767 +1.564223e-02
0.011993 +2.009321e-02
0.014262 +4.000808e-02
0.016921 +2.460016e-02
0.019804 +2.734679e-02
0.022679 +2.205775e-02
0.025988 +2.203544e-02
0.029256 +2.710807e-02
0.032986 +1.737386e-02
0.036930 +2.015542e-02
0.040785 +2.590362e-02
0.045141 +1.591392e-02
0.049706 +1.740998e-02
0.054132 +1.850654e-02
0.059096 +1.584113e-02
0.064264 +1.417606e-02
0.069243 +1.511872e-02
0.074796 +1.354035e-02
0.080546 +1.360368e-02
0.086059 +1.247074e-02
0.092180 +1.272339e-02
0.098489 +1.239152e-02
0.104514 +1.133587e-02
0.111178 +1.113605e-02
0.117526 +1.022775e-02
0.124534 +1.011170e-02
0.131714 +9.435757e-03
0.138534 +9.505315e-03
0.146040 +8.578254e-03
0.153709 +8.410191e-03
0.160973 +8.733678e-03
0.168947 +8.172158e-03
0.177074 +7.778886e-03
0.184754 +7.273353e-03
0.193165 +7.919560e-03
0.201717 +7.227620e-03
0.209782 +7.568185e-03
0.218597 +7.317122e-03
0.227541 +7.263922e-03
0.235959 +7.216900e-03
0.245143 +7.061325e-03
0.253775 +6.732037e-03
0.263182 +7.293388e-03
0.272697 +6.717045e-03
0.281627 +7.221527e-03
0.291341 +6.727712e-03
0.301151 +7.661491e-03
0.310343 +7.415165e-03
0.320327 +6.326638e-03
0.330393 +5.775987e-03
0.339810 +6.824071e-03
0.350023 +5.743119e-03
0.360305 +5.927802e-03
0.369911 +5.695022e-03
0.380314 +5.505126e-03
0.390771 +5.243929e-03
0.400527 +5.115045e-03
0.411078 +4.960495e-03
0.420911 +4.833588e-03
0.431537 +4.594224e-03
0.442193 +4.500091e-03
0.452113 +4.345103e-03
0.462817 +4.227801e-03
0.473538 +4.145568e-03
0.483505 +4.072182e-03
0.494245 +3.957347e-03
0.504988 +3.848352e-03
0.514961 +3.747520e-03
0.525695 +3.673806e-03
0.536418 +3.642565e-03
0.546359 +3.567511e-03
0.557044 +3.463204e-03
0.567703 +3.408110e-03
0.577573 +3.345586e-03
0.588167 +3.324503e-03
0.597968 +3.258197e-03
0.608480 +3.230843e-03
0.618941 +3.168606e-03
0.628606 +3.115891e-03
0.638958 +3.057045e-03
0.649245 +2.982567e-03
0.658735 +2.971968e-03
0.668885 +2.934270e-03
0.678957 +2.881238e-03
0.688236 +2.830206e-03
0.698144 +2.862331e-03
0.707961 +2.789616e-03
0.716991 +2.756784e-03
0.726619 +2.724056e-03
0.736142 +2.694034e-03
0.744888 +2.666557e-03
0.754197 +2.635751e-03
0.762736 +2.617311e-03
0.771815 +2.549997e-03
0.780769 +2.538131e-03
0.788967 +2.528540e-03
0.797667 +2.452359e-03
0.806229 +2.445232e-03
0.814054 +2.403490e-03
0.822340 +2.381437e-03
0.830477 +2.344131e-03
0.837897 +2.347198e-03
0.845737 +2.319795e-03
0.853418 +2.310612e-03
0.860404 +2.256852e-03
0.867766 +2.228871e-03
0.874959 +2.177376e-03
0.881483 +2.143424e-03
0.888339 +2.136149e-03
0.894545 +2.118576e-03
0.901053 +2.121720e-03
0.907376 +2.056823e-03
0.913078 +2.050696e-03
0.919036 +2.032632e-03
0.924799 +1.980506e-03
0.929976 +1.958478e-03
0.935359 +1.934782e-03
0.940542 +1.921534e-03
0.945172 +1.883676e-03
0.949960 +1.848269e-03
0.954540 +1.837700e-03
0.958606 +1.823953e-03
0.962780 +1.804658e-03
0.966740 +1.718790e-03
0.970224 +1.747049e-03
0.973767 +1.705737e-03
0.976862 +1.714100e-03
0.979982 +1.689419e-03
0.982880 +1.648779e-03
0.985372 +1.641367e-03
0.987839 +1.625478e-03
0.990081 +1.609704e-03
0.991961 +1.626919e-03
0.993766 +1.576412e-03
0.995343 +1.565862e-03
0.996603 +1.636722e-03
0.997738 +1.547800e-03
0.998644 +1.684182e-03
0.999279 +1.679669e-03
0.999740 +1.550846e-03
