# NACA0012 Re=4.00e+05 cf vs x/c (upper block, then lower)
# upper
0.000029 +8.860730e-03
0.000260 +8.433573e-03
0.000721 +7.810098e-03
0.001356 +8.954924e-03
0.002262 +1.071764e-02
0.003397 +1.177481e-02
0.004657 +1.426370e-02
0.006234 +1.625071e-02
0.008039 +1.873339e-02
0.009919 +3.628415e-02
0.012161 +4.254814e-02
0.014628 +5.468421e-02
0.017120 +3.979681e-02
0.020018 +5.412840e-02
0.023138 +3.062943e-02
0.026233 +3.858173e-02
0.029776 +3.072005e-02
0.033260 +3.203883e-02
0.037220 +2.879166e-02
0.041394 +2.903487e-02
0.045460 +2.343252e-02
0.050040 +2.172860e-02
0.054828 +1.992305e-02
0.059458 +1.852995e-02
0.064641 +1.781386e-02
0.070024 +1.549473e-02
0.075201 +1.433796e-02
0.080964 +1.355208e-02
0.086922 +1.178591e-02
0.092624 +1.278543e-02
0.098947 +1.110581e-02
0.105455 +1.069191e-02
0.111661 +9.601285e-03
0.118517 +9.352210e-03
0.125041 +9.104174e-03
0.132234 +8.328527e-03
0.139596 +8.243750e-03
0.146582 +8.164872e-03
0.154263 +8.130363e-03
0.162103 +7.992576e-03
0.169523 +8.241605e-03
0.177660 +7.963879e-03
0.185946 +7.668263e-03
0.193771 +7.975756e-03
0.202333 +7.976668e-03
0.211033 +7.874122e-03
0.219231 +7.730087e-03
0.228185 +7.506458e-03
0.237264 +7.947742e-03
0.245803 +7.610563e-03
0.255112 +7.368835e-03
0.263858 +7.676313e-03
0.273381 +7.301115e-03
0.283009 +7.507715e-03
0.292039 +7.203931e-03
0.301856 +8.171895e-03
0.311764 +7.601358e-03
0.321043 +6.333790e-03
0.331115 +5.896244e-03
0.341265 +6.671964e-03
0.350755 +5.920292e-03
0.361042 +5.869789e-03
0.371394 +5.685117e-03
0.381059 +5.413965e-03
0.391520 +5.191543e-03
0.402032 +4.986645e-03
0.411833 +4.830915e-03
0.422427 +4.546703e-03
0.432297 +4.442762e-03
0.442956 +4.263012e-03
0.453641 +4.123448e-03
0.463582 +3.934548e-03
0.474305 +3.840802e-03
0.485039 +3.765460e-03
0.495012 +3.633797e-03
0.505755 +3.509039e-03
0.516495 +3.390055e-03
0.526462 +3.321490e-03
0.537183 +3.244328e-03
0.547887 +3.144164e-03
0.557807 +3.071514e-03
0.568463 +2.954665e-03
0.579089 +2.932026e-03
0.588922 +2.841036e-03
0.599473 +2.822425e-03
0.609229 +2.728420e-03
0.619686 +2.659907e-03
0.630089 +2.630661e-03
0.639695 +2.515618e-03
0.649977 +2.445244e-03
0.660190 +2.417917e-03
0.669607 +2.376106e-03
0.679673 +2.318095e-03
0.689657 +2.265799e-03
0.698849 +2.228878e-03
0.708659 +2.147733e-03
0.718373 +2.107044e-03
0.727303 +2.068638e-03
0.736818 +2.019599e-03
0.746225 +1.961007e-03
0.754857 +1.925307e-03
0.764041 +1.879636e-03
0.772459 +1.816828e-03
0.781403 +1.775154e-03
0.790218 +1.732724e-03
0.798283 +1.659237e-03
0.806835 +1.633915e-03
0.815246 +1.584856e-03
0.822926 +1.532105e-03
0.831053 +1.476099e-03
0.839027 +1.426892e-03
0.846291 +1.393354e-03
0.853960 +1.342542e-03
0.861466 +1.290323e-03
0.868286 +1.219638e-03
0.875466 +1.178635e-03
0.882474 +1.131562e-03
0.888822 +1.075515e-03
0.895486 +1.026486e-03
0.901511 +9.846447e-04
0.907820 +9.296527e-04
0.913941 +8.841937e-04
0.919454 +8.342044e-04
0.925204 +7.852437e-04
0.930757 +7.373169e-04
0.935736 +6.997692e-04
0.940904 +6.517369e-04
0.945868 +6.094751e-04
0.950294 +5.726693e-04
0.954859 +5.357671e-04
0.959215 +4.998234e-04
0.963070 +4.695173e-04
0.967014 +4.345149e-04
0.970744 +4.055844e-04
0.974012 +3.718555e-04
0.977321 +3.521356e-04
0.980196 +3.278650e-04
0.983079 +3.034399e-04
0.985738 +2.865252e-04
0.988007 +2.688380e-04
0.990233 +2.520072e-04
0.992233 +2.350696e-04
0.993886 +2.200827e-04
0.995447 +2.140548e-04
0.996779 +2.062189e-04
0.997810 +2.011621e-04
0.998700 +2.127027e-04
0.999359 +2.251762e-04
0.999764 +2.337006e-04
0.999979 +7.245745e-04
# lower
0.000021 -6.702524e-03
0.000236 -3.404818e-03
0.000641 +7.447563e-05
0.001300 +3.470171e-03
0.002190 +7.878548e-03
0.003221 +1.295174e-02
0.004553 +1.720007e-02
0.006114 +2.159085e-02
0.007767 +2.670875e-02
0.009767 +4.386129e-02
0.011993 +4.828085e-02
0.014262 +6.723666e-02
0.016921 +4.416245e-02
0.019804 +5.924208e-02
0.022679 +3.062902e-02
0.025988 +3.357213e-02
0.029256 +3.479194e-02
0.032986 +2.696232e-02
0.036930 +2.903965e-02
0.040785 +4.715988e-02
0.045141 +2.005523e-02
0.049706 +2.342764e-02
0.054132 +2.105048e-02
0.059096 +1.930743e-02
0.064264 +1.822305e-02
0.069243 +1.655184e-02
0.074796 +1.525801e-02
0.080546 +1.457088e-02
0.086059 +1.323394e-02
0.092180 +1.395733e-02
0.098489 +1.286326e-02
0.104514 +1.167783e-02
0.111178 +1.137335e-02
0.117526 +1.074432e-02
0.124534 +1.019551e-02
0.131714 +9.476641e-03
0.138534 +9.514056e-03
0.146040 +8.610332e-03
0.153709 +8.453323e-03
0.160973 +8.815603e-03
0.168947 +8.308090e-03
0.177074 +7.973455e-03
0.184754 +7.502977e-03
0.193165 +8.212744e-03
0.201717 +7.488288e-03
0.209782 +8.063247e-03
0.218597 +7.595248e-03
0.227541 +7.548837e-03
0.235959 +7.511032e-03
0.245143 +7.437718e-03
0.253775 +7.041978e-03
0.263182 +7.620559e-03
0.272697 +6.970216e-03
0.281627 +7.498418e-03
0.291341 +6.989795e-03
0.301151 +7.984428e-03
0.310343 +7.688157e-03
0.320327 +6.497133e-03
0.330393 +5.924875e-03
0.339810 +6.997883e-03
0.350023 +5.854457e-03
0.360305 +6.031958e-03
0.369911 +5.776840e-03
0.380314 +5.568998e-03
0.390771 +5.291073e-03
0.400527 +5.149095e-03
0.411078 +4.983033e-03
0.420911 +4.841573e-03
0.431537 +4.590635e-03
0.442193 +4.484437e-03
0.452113 +4.319155e-03
0.462817 +4.192109e-03
0.473538 +4.099557e-03
0.483505 +4.015552e-03
0.494245 +3.891878e-03
0.504988 +3.774419e-03
0.514961 +3.662871e-03
0.525695 +3.585187e-03
0.536418 +3.545274e-03
0.546359 +3.462911e-03
0.557044 +3.351747e-03
0.567703 +3.290560e-03
0.577573 +3.226101e-03
0.588167 +3.196201e-03
0.597968 +3.119705e-03
0.608480 +3.090260e-03
0.618941 +3.028479e-03
0.628606 +2.966139e-03
0.638958 +2.895876e-03
0.649245 +2.816032e-03
0.658735 +2.804328e-03
0.668885 +2.762477e-03
0.678957 +2.714621e-03
0.688236 +2.650810e-03
0.698144 +2.660363e-03
0.707961 +2.580443e-03
0.716991 +2.542582e-03
0.726619 +2.514356e-03
0.736142 +2.477290e-03
0.744888 +2.440542e-03
0.754197 +2.403010e-03
0.762736 +2.381280e-03
0.771815 +2.309811e-03
0.780769 +2.294078e-03
0.788967 +2.269051e-03
0.797667 +2.201814e-03
0.806229 +2.168801e-03
0.814054 +2.128657e-03
0.822340 +2.102221e-03
0.830477 +2.054166e-03
0.837897 +2.040139e-03
0.845737 +2.009302e-03
0.853418 +1.977480e-03
0.860404 +1.923337e-03
0.867766 +1.885831e-03
0.874959 +1.830307e-03
0.881483 +1.782984e-03
0.888339 +1.770520e-03
0.894545 +1.725845e-03
0.901053 +1.711807e-03
0.907376 +1.649637e-03
0.913078 +1.622442e-03
0.919036 +1.588805e-03
0.924799 +1.529890e-03
0.929976 +1.494277e-03
0.935359 +1.457402e-03
0.940542 +1.421300e-03
0.945172 +1.374893e-03
0.949960 +1.336440e-03
0.954540 +1.298081e-03
0.958606 +1.264311e-03
0.962780 +1.232805e-03
0.966740 +1.171486e-03
0.970224 +1.149115e-03
0.973767 +1.109983e-03
0.976862 +1.079495e-03
0.979982 +1.054000e-03
0.982880 +1.024763e-03
0.985372 +9.884337e-04
0.987839 +9.645065e-04
0.990081 +9.364652e-04
0.991961 +9.167653e-04
0.993766 +8.995730e-04
0.995343 +8.683668e-04
0.996603 +8.716464e-04
0.997738 +8.391300e-04
0.998644 +8.616928e-04
0.999279 +8.624369e-04
0.999740 +8.611112e-04
