# NACA0012 Re=4.00e+05 cp vs x/c (upper block, then lower)
# upper
0.000029 -1.769894e-01
0.000260 -5.383068e-01
0.000721 -8.539997e-01
0.001356 -1.137689e+00
0.002262 -1.359982e+00
0.003397 -1.532610e+00
0.004657 -1.643173e+00
0.006234 -1.709716e+00
0.008039 -1.751479e+00
0.009919 -1.762993e+00
0.012161 -1.737696e+00
0.014628 -1.683927e+00
0.017120 -1.642601e+00
0.020018 -1.610085e+00
0.023138 -1.580238e+00
0.026233 -1.547661e+00
0.029776 -1.516631e+00
0.033260 -1.477031e+00
0.037220 -1.440819e+00
0.041394 -1.405136e+00
0.045460 -1.371340e+00
0.050040 -1.336383e+00
0.054828 -1.304383e+00
0.059458 -1.273666e+00
0.064641 -1.244100e+00
0.070024 -1.216344e+00
0.075201 -1.189840e+00
0.080964 -1.164182e+00
0.086922 -1.140608e+00
0.092624 -1.119200e+00
0.098947 -1.099688e+00
0.105455 -1.074588e+00
0.111661 -1.036832e+00
0.118517 -1.002967e+00
0.125041 -9.777628e-01
0.132234 -9.559191e-01
0.139596 -9.363209e-01
0.146582 -9.171280e-01
0.154263 -8.972482e-01
0.162103 -8.794516e-01
0.169523 -8.611671e-01
0.177660 -8.426615e-01
0.185946 -8.262913e-01
0.193771 -8.085207e-01
0.202333 -7.912675e-01
0.211033 -7.741527e-01
0.219231 -7.589557e-01
0.228185 -7.417110e-01
0.237264 -7.257393e-01
0.245803 -7.095909e-01
0.255112 -6.949255e-01
0.263858 -6.796661e-01
0.273381 -6.643216e-01
0.283009 -6.514328e-01
0.292039 -6.356512e-01
0.301856 -6.202614e-01
0.311764 -6.077812e-01
0.321043 -5.933349e-01
0.331115 -5.798383e-01
0.341265 -5.665615e-01
0.350755 -5.539953e-01
0.361042 -5.403531e-01
0.371394 -5.277186e-01
0.381059 -5.148595e-01
0.391520 -5.019736e-01
0.402032 -4.898164e-01
0.411833 -4.780750e-01
0.422427 -4.660139e-01
0.432297 -4.541743e-01
0.442956 -4.419310e-01
0.453641 -4.303243e-01
0.463582 -4.191170e-01
0.474305 -4.075072e-01
0.485039 -3.963430e-01
0.495012 -3.855709e-01
0.505755 -3.742711e-01
0.516495 -3.634558e-01
0.526462 -3.530498e-01
0.537183 -3.422210e-01
0.547887 -3.319005e-01
0.557807 -3.217972e-01
0.568463 -3.113581e-01
0.579089 -3.013052e-01
0.588922 -2.915965e-01
0.599473 -2.818528e-01
0.609229 -2.720387e-01
0.619686 -2.623936e-01
0.630089 -2.528609e-01
0.639695 -2.435425e-01
0.649977 -2.339764e-01
0.660190 -2.247451e-01
0.669607 -2.155955e-01
0.679673 -2.063216e-01
0.689657 -1.973125e-01
0.698849 -1.883793e-01
0.708659 -1.791501e-01
0.718373 -1.703177e-01
0.727303 -1.616313e-01
0.736818 -1.526156e-01
0.746225 -1.439227e-01
0.754857 -1.352886e-01
0.764041 -1.266057e-01
0.772459 -1.180701e-01
0.781403 -1.092250e-01
0.790218 -1.006599e-01
0.798283 -9.215599e-02
0.806835 -8.327319e-02
0.815246 -7.476792e-02
0.822926 -6.639768e-02
0.831053 -5.760766e-02
0.839027 -4.916384e-02
0.846291 -4.074950e-02
0.853960 -3.205434e-02
0.861466 -2.370702e-02
0.868286 -1.550573e-02
0.875466 -6.964784e-03
0.882474 +1.311741e-03
0.888822 +9.426652e-03
0.895486 +1.746190e-02
0.901511 +2.540801e-02
0.907820 +3.353970e-02
0.913941 +4.121690e-02
0.919454 +4.876432e-02
0.925204 +5.649931e-02
0.930757 +6.380090e-02
0.935736 +7.092602e-02
0.940904 +7.808904e-02
0.945868 +8.479273e-02
0.950294 +9.123922e-02
0.954859 +9.764495e-02
0.959215 +1.036249e-01
0.963070 +1.093080e-01
0.967014 +1.149508e-01
0.970744 +1.201197e-01
0.974012 +1.249113e-01
0.977321 +1.294907e-01
0.980196 +1.337396e-01
0.983079 +1.378010e-01
0.985738 +1.414290e-01
0.988007 +1.447325e-01
0.990233 +1.478457e-01
0.992233 +1.505829e-01
0.993886 +1.529458e-01
0.995447 +1.551077e-01
0.996779 +1.569089e-01
0.997810 +1.583408e-01
0.998700 +1.595281e-01
0.999359 +1.603825e-01
0.999764 +1.610509e-01
0.999979 +1.651593e-01
# lower
0.000021 +1.281890e-01
0.000236 +4.061577e-01
0.000641 +6.383746e-01
0.001300 +8.097209e-01
0.002190 +9.348604e-01
0.003221 +9.999542e-01
0.004553 +1.023324e+00
0.006114 +1.017794e+00
0.007767 +9.924370e-01
0.009767 +9.540377e-01
0.011993 +9.042091e-01
0.014262 +8.510511e-01
0.016921 +7.933805e-01
0.019804 +7.351410e-01
0.022679 +6.816948e-01
0.025988 +6.305818e-01
0.029256 +5.810326e-01
0.032986 +5.358108e-01
0.036930 +4.904855e-01
0.040785 +4.502909e-01
0.045141 +4.133077e-01
0.049706 +3.776935e-01
0.054132 +3.448716e-01
0.059096 +3.148849e-01
0.064264 +2.849555e-01
0.069243 +2.589778e-01
0.074796 +2.343453e-01
0.080546 +2.103252e-01
0.086059 +1.891337e-01
0.092180 +1.687166e-01
0.098489 +1.482928e-01
0.104514 +1.314782e-01
0.111178 +1.185130e-01
0.117526 +1.061639e-01
0.124534 +9.294139e-02
0.131714 +7.808573e-02
0.138534 +6.449889e-02
0.146040 +5.261871e-02
0.153709 +4.075000e-02
0.160973 +3.066221e-02
0.168947 +2.141312e-02
0.177074 +1.215133e-02
0.184754 +4.536968e-03
0.193165 -3.111699e-03
0.201717 -9.877863e-03
0.209782 -1.607372e-02
0.218597 -2.137746e-02
0.227541 -2.733778e-02
0.235959 -3.123855e-02
0.245143 -3.655743e-02
0.253775 -3.956738e-02
0.263182 -4.330324e-02
0.272697 -4.696497e-02
0.281627 -4.959830e-02
0.291341 -5.276427e-02
0.301151 -5.350046e-02
0.310343 -5.722055e-02
0.320327 -5.708818e-02
0.330393 -5.974586e-02
0.339810 -6.096282e-02
0.350023 -6.167464e-02
0.360305 -6.304066e-02
0.369911 -6.289259e-02
0.380314 -6.361121e-02
0.390771 -6.417174e-02
0.400527 -6.377597e-02
0.411078 -6.383069e-02
0.420911 -6.324075e-02
0.431537 -6.294280e-02
0.442193 -6.243875e-02
0.452113 -6.169523e-02
0.462817 -6.053047e-02
0.473538 -5.992523e-02
0.483505 -5.886391e-02
0.494245 -5.751030e-02
0.504988 -5.615799e-02
0.514961 -5.495582e-02
0.525695 -5.361227e-02
0.536418 -5.191329e-02
0.546359 -5.042194e-02
0.557044 -4.888869e-02
0.567703 -4.701253e-02
0.577573 -4.533620e-02
0.588167 -4.354220e-02
0.597968 -4.175054e-02
0.608480 -3.976170e-02
0.618941 -3.788746e-02
0.628606 -3.569100e-02
0.638958 -3.373729e-02
0.649245 -3.169308e-02
0.658735 -2.944664e-02
0.668885 -2.737546e-02
0.678957 -2.513303e-02
0.688236 -2.278000e-02
0.698144 -2.057821e-02
0.707961 -1.806465e-02
0.716991 -1.576964e-02
0.726619 -1.339750e-02
0.736142 -1.078804e-02
0.744888 -8.251238e-03
0.754197 -5.777145e-03
0.762736 -3.169497e-03
0.771815 -7.420550e-04
0.780769 +2.013114e-03
0.788967 +4.848982e-03
0.797667 +7.378283e-03
0.806229 +1.049568e-02
0.814054 +1.342401e-02
0.822340 +1.635517e-02
0.830477 +1.958653e-02
0.837897 +2.271374e-02
0.845737 +2.602798e-02
0.853418 +2.948398e-02
0.860404 +3.292909e-02
0.867766 +3.620364e-02
0.874959 +3.994350e-02
0.881483 +4.371233e-02
0.888339 +4.730114e-02
0.894545 +5.113040e-02
0.901053 +5.494336e-02
0.907376 +5.896405e-02
0.913078 +6.301479e-02
0.919036 +6.716343e-02
0.924799 +7.140695e-02
0.929976 +7.564786e-02
0.935359 +7.994301e-02
0.940542 +8.430614e-02
0.945172 +8.861495e-02
0.949960 +9.289721e-02
0.954540 +9.739277e-02
0.958606 +1.018081e-01
0.962780 +1.062332e-01
0.966740 +1.107334e-01
0.970224 +1.149835e-01
0.973767 +1.193622e-01
0.976862 +1.235455e-01
0.979982 +1.276557e-01
0.982880 +1.316825e-01
0.985372 +1.356036e-01
0.987839 +1.391751e-01
0.990081 +1.427316e-01
0.991961 +1.459169e-01
0.993766 +1.488726e-01
0.995343 +1.516610e-01
0.996603 +1.540154e-01
0.997738 +1.559977e-01
0.998644 +1.576882e-01
0.999279 +1.590164e-01
0.999740 +1.602900e-01
0.999962 +1.613152e-01
