-2 +0.01284 -0.17877
-2 +0.01361 -0.17999
-2 +0.01591 -0.18474
-2 +0.01192 -0.17868
-2 +0.01206 -0.18024
-2 +0.01253 -0.18345
-1 +0.01229 -0.08997
-1 +0.01298 -0.09135
-1 +0.01515 -0.09363
-1 +0.01172 -0.08981
-1 +0.01170 -0.09036
-1 +0.01185 -0.09079
0 +0.01238 -0.00081
0 +0.01315 -0.00058
0 +0.01535 -0.00029
0 +0.01185 -0.00051
0 +0.01187 +0.00020
0 +0.01240 -0.00001
1 +0.01255 +0.08807
1 +0.01316 +0.08967
1 +0.01521 +0.09294
1 +0.01205 +0.08857
1 +0.01194 +0.09081
1 +0.01210 +0.09466
2 +0.01299 +0.17666
2 +0.01357 +0.17948
2 +0.01547 +0.18412
2 +0.01251 +0.17728
2 +0.01236 +0.18047
2 +0.01261 +0.18419
3 +0.01365 +0.26362
3 +0.01432 +0.26836
3 +0.01583 +0.27743
3 +0.01317 +0.26430
3 +0.01328 +0.27152
3 +0.01265 +0.27641
4 +0.01471 +0.35028
4 +0.01489 +0.35025
4 +0.01721 +0.36814
4 +0.01462 +0.35574
4 +0.01340 +0.34679
4 +0.01418 +0.36714
5 +0.01421 +0.40877
5 +0.01705 +0.43890
5 +0.01853 +0.44948
5 +0.01730 +0.44847
5 +0.01277 +0.40567
5 +0.01453 +0.43778
