iteration time L2_div global_div Linf_vel CFL Peclet wall_seconds_per_step
    101000   2.02000000E+03   7.07847967E-06   1.44799751E+00   1.23545388E+00   1.66602773E-01   4.18729239E-01   4.28252188E-01
    102000   2.04000000E+03   2.48859927E-06   2.67380150E-01   1.25702510E+00   1.72470463E-01   4.18729239E-01   4.28017125E-01
    103000   2.06000000E+03   7.35894827E-06  -1.39119809E+00   1.20254107E+00   1.91398484E-01   4.18729239E-01   4.28177103E-01
    104000   2.08000000E+03   4.33743554E-06  -4.69515211E-01   1.22583574E+00   1.72501774E-01   4.18729239E-01   4.28075525E-01
    105000   2.10000000E+03   7.85139831E-06   1.42119005E+00   1.27786610E+00   1.75147737E-01   4.18729239E-01   4.28138374E-01
    106000   2.12000000E+03   6.54121720E-06   1.10574485E+00   1.26606007E+00   1.89409819E-01   4.18729239E-01   4.28079433E-01
    107000   2.14000000E+03   7.73806915E-06  -1.75894568E+00   1.19638375E+00   1.86894215E-01   4.18729239E-01   4.28142501E-01
    108000   2.16000000E+03   4.86838266E-06  -1.04924544E+00   1.29976177E+00   2.53692119E-01   4.18729239E-01   4.28100243E-01
    109000   2.18000000E+03   8.83214947E-07   5.22311028E-02   1.39381091E+00   1.98966808E-01   4.18729239E-01   4.28140271E-01
    110000   2.20000000E+03   4.22390109E-06   8.75886360E-01   1.20037713E+00   2.43987856E-01   4.18729239E-01   4.28106322E-01
    111000   2.22000000E+03   2.37116426E-06  -4.68153309E-01   1.17917854E+00   1.73308960E-01   4.18729239E-01   4.28140310E-01
    112000   2.24000000E+03   7.54921976E-06  -1.48801906E+00   1.31852254E+00   2.04075312E-01   4.18729239E-01   4.28110742E-01
    113000   2.26000000E+03   1.18469398E-06   1.64110649E-01   1.19699322E+00   2.12882410E-01   4.18729239E-01   4.28134146E-01
    114000   2.28000000E+03   7.57253192E-06   1.38253298E+00   1.15438230E+00   1.99251658E-01   4.18729239E-01   4.28108118E-01
    115000   2.30000000E+03   3.38446331E-06   6.44605583E-01   1.15799688E+00   1.83807483E-01   4.18729239E-01   4.28130963E-01
    116000   2.32000000E+03   9.81530803E-06  -1.88166598E+00   1.19978535E+00   1.85188963E-01   4.18729239E-01   4.28111385E-01
    117000   2.34000000E+03   1.03063344E-06   1.77570076E-01   1.22960706E+00   2.04189125E-01   4.18729239E-01   4.28132620E-01
    118000   2.36000000E+03   8.67892663E-06   1.45728344E+00   1.25016047E+00   2.13668875E-01   4.18729239E-01   4.28115551E-01
    119000   2.38000000E+03   1.60133319E-06  -2.32675382E-01   1.23185323E+00   1.67437893E-01   4.18729239E-01   4.28138758E-01
    120000   2.40000000E+03   4.05453188E-06  -7.46667024E-01   1.20479218E+00   2.39261027E-01   4.18729239E-01   4.28123830E-01
    121000   2.42000000E+03   7.87354767E-07   1.08161961E-01   1.16618028E+00   1.63804893E-01   4.18729239E-01   4.28140403E-01
    122000   2.44000000E+03   7.76730053E-07   9.44849402E-02   1.28106423E+00   2.92044610E-01   4.18729239E-01   4.28128157E-01
    123000   2.46000000E+03   9.43786730E-07   6.41596991E-02   1.26833425E+00   1.76416272E-01   4.18729239E-01   4.28144694E-01
    124000   2.48000000E+03   3.52145113E-06  -6.97353043E-01   1.20513486E+00   1.79901634E-01   4.18729239E-01   4.28130340E-01
    125000   2.50000000E+03   1.76018911E-06  -9.07027831E-02   1.24171742E+00   2.51246336E-01   4.18729239E-01   4.28144801E-01
    126000   2.52000000E+03   1.05614140E-05   2.16919105E+00   1.21188457E+00   1.78646667E-01   4.18729239E-01   4.28131430E-01
    127000   2.54000000E+03   1.14393145E-06  -1.58854838E-03   1.25654418E+00   1.62759147E-01   4.18729239E-01   4.28144768E-01
    128000   2.56000000E+03   1.03337543E-05  -1.65790703E+00   1.48398921E+00   1.91057913E-01   4.18729239E-01   4.28132425E-01
    129000   2.58000000E+03   8.10778845E-06   1.46679796E+00   1.19348066E+00   1.75020181E-01   4.18729239E-01   4.28143563E-01
    130000   2.60000000E+03   1.44445566E-06  -3.35517290E-01   1.15593426E+00   1.69114191E-01   4.18729239E-01   4.28132932E-01
    131000   2.62000000E+03   6.91921691E-06  -1.40977013E+00   1.23336590E+00   1.90558481E-01   4.18729239E-01   4.28147262E-01
    132000   2.64000000E+03   6.01889036E-06   1.24389363E+00   1.22186034E+00   2.27760390E-01   4.18729239E-01   4.28136640E-01
    133000   2.66000000E+03   8.75287353E-06   1.63895697E+00   1.24470488E+00   1.78012861E-01   4.18729239E-01   4.28147371E-01
    134000   2.68000000E+03   2.87527082E-06  -3.33288090E-01   1.28831681E+00   1.85546580E-01   4.18729239E-01   4.28138775E-01
    135000   2.70000000E+03   8.84794448E-06  -1.73382616E+00   1.14928171E+00   1.92637688E-01   4.18729239E-01   4.28148575E-01
    136000   2.72000000E+03   1.99188265E-06   4.43555471E-01   1.30480236E+00   2.04986242E-01   4.18729239E-01   4.28139006E-01
    137000   2.74000000E+03   4.13852116E-06   7.97186526E-01   1.25142880E+00   1.58054418E-01   4.18729239E-01   4.28148112E-01
    138000   2.76000000E+03   1.68560845E-06  -2.94508274E-01   1.20079435E+00   2.35344033E-01   4.18729239E-01   4.28139881E-01
    139000   2.78000000E+03   1.88223356E-06   3.65398461E-01   1.12723602E+00   1.88482766E-01   4.18729239E-01   4.28147112E-01
    140000   2.80000000E+03   1.03486887E-06   9.74015494E-02   1.19912579E+00   1.90106013E-01   4.18729239E-01   4.28139323E-01
    141000   2.82000000E+03   3.66869490E-06   9.70323070E-01   1.20380788E+00   1.90438128E-01   4.18729239E-01   4.28149861E-01
    142000   2.84000000E+03   6.95990978E-06   1.29293983E+00   1.19703138E+00   1.80689284E-01   4.18729239E-01   4.28142082E-01
    143000   2.86000000E+03   7.73792348E-06  -1.40262672E+00   1.20861430E+00   1.70255876E-01   4.18729239E-01   4.28149708E-01
    144000   2.88000000E+03   3.21649586E-06  -6.27396034E-01   1.18417551E+00   2.34868649E-01   4.18729239E-01   4.28142055E-01
    145000   2.90000000E+03   4.15275990E-06   8.24602427E-01   1.27219136E+00   2.06307169E-01   4.18729239E-01   4.28150565E-01
    146000   2.92000000E+03   7.11514280E-06   1.28746838E+00   1.19362802E+00   1.91774382E-01   4.18729239E-01   4.28142813E-01
    147000   2.94000000E+03   8.97500558E-06  -1.42317720E+00   1.14709230E+00   2.80131964E-01   4.18729239E-01   4.28148444E-01
    148000   2.96000000E+03   6.86629572E-07  -4.93174335E-03   1.22139790E+00   1.90639913E-01   4.18729239E-01   4.28141228E-01
    149000   2.98000000E+03   5.71812894E-06   1.03924205E+00   1.18021652E+00   1.90031320E-01   4.18729239E-01   4.28149878E-01
    150000   3.00000000E+03   9.91044836E-07   7.16380011E-02   1.21144687E+00   1.67755705E-01   4.18729239E-01   4.28565665E-01
    151000   3.02000000E+03   1.13601268E-06  -2.18301445E-01   1.30261099E+00   2.02397995E-01   4.18729239E-01   4.28560913E-01
    152000   3.04000000E+03   7.63404703E-06  -1.54101121E+00   1.13497920E+00   1.90659749E-01   4.18729239E-01   4.28545321E-01
    153000   3.06000000E+03   7.15985022E-06   1.39541730E+00   1.36283856E+00   2.00214779E-01   4.18729239E-01   4.28544153E-01
    154000   3.08000000E+03   4.98648744E-06   8.60826597E-01   1.18252551E+00   1.69155885E-01   4.18729239E-01   4.28529719E-01
    155000   3.10000000E+03   4.54480510E-06  -8.24589458E-01   1.36917748E+00   1.85729933E-01   4.18729239E-01   4.28527081E-01
    156000   3.12000000E+03   7.75412406E-07  -1.08128009E-02   1.20779882E+00   1.72690723E-01   4.18729239E-01   4.28514423E-01
    157000   3.14000000E+03   8.23213286E-07  -2.16522560E-02   1.24648181E+00   1.86739123E-01   4.18729239E-01   4.28512662E-01
    158000   3.16000000E+03   8.34031749E-07  -2.12267719E-02   1.20579172E+00   1.75100232E-01   4.18729239E-01   4.28500326E-01
    159000   3.18000000E+03   3.09723501E-06  -5.90224031E-01   1.32041295E+00   1.86843806E-01   4.18729239E-01   4.28498788E-01
    160000   3.20000000E+03   2.04977461E-06   3.98450777E-01   1.23499422E+00   1.86192886E-01   4.18729239E-01   4.28486113E-01
    161000   3.22000000E+03   8.62932943E-07   4.69096598E-02   1.21793085E+00   2.12755279E-01   4.18729239E-01   4.28486146E-01
    162000   3.24000000E+03   3.60374477E-06  -7.21241298E-01   1.30126625E+00   1.76237170E-01   4.18729239E-01   4.28475072E-01
    163000   3.26000000E+03   5.31674565E-06  -9.96603928E-01   1.28421937E+00   2.12837325E-01   4.18729239E-01   4.28473307E-01
    164000   3.28000000E+03   1.65449879E-06   2.93359549E-01   1.27370497E+00   1.91937741E-01   4.18729239E-01   4.28462214E-01
    165000   3.30000000E+03   4.75571056E-06   8.58321619E-01   1.19154689E+00   1.65844260E-01   4.18729239E-01   4.28462528E-01
    166000   3.32000000E+03   3.23856359E-06  -5.49916338E-01   1.28995285E+00   1.80951089E-01   4.18729239E-01   4.28452320E-01
    167000   3.34000000E+03   1.94371713E-06  -1.19550070E-01   1.15299804E+00   2.31795149E-01   4.18729239E-01   4.28452403E-01
    168000   3.36000000E+03   7.71111976E-07  -6.75024710E-02   1.29240049E+00   1.99330622E-01   4.18729239E-01   4.28443234E-01
    169000   3.38000000E+03   9.14216126E-07  -1.43892527E-01   1.24206739E+00   1.88709053E-01   4.18729239E-01   4.28443479E-01
    170000   3.40000000E+03   7.36879022E-07  -2.36406554E-02   1.26140397E+00   2.03247372E-01   4.18729239E-01   4.28434906E-01
    171000   3.42000000E+03   2.21238348E-06   4.76107642E-01   1.22850718E+00   2.13675386E-01   4.18729239E-01   4.28436011E-01
    172000   3.44000000E+03   9.04594605E-07   1.17818802E-01   1.18120880E+00   1.82157573E-01   4.18729239E-01   4.28427055E-01
    173000   3.46000000E+03   1.52824949E-06   3.10239079E-01   1.15650919E+00   1.81392679E-01   4.18729239E-01   4.28427540E-01
    174000   3.48000000E+03   4.42003286E-06   9.60686590E-01   1.21392776E+00   1.78018360E-01   4.18729239E-01   4.28419112E-01
    175000   3.50000000E+03   1.80622661E-06   3.11659230E-01   1.24196132E+00   1.71725774E-01   4.18729239E-01   4.28419957E-01
    176000   3.52000000E+03   7.09740412E-06  -1.35822468E+00   1.16348016E+00   1.92100874E-01   4.18729239E-01   4.28412130E-01
    177000   3.54000000E+03   3.86800051E-06   5.69045190E-01   1.24367324E+00   3.27798451E-01   4.18729239E-01   4.28412539E-01
    178000   3.56000000E+03   2.54078232E-06   5.57735807E-01   1.24931349E+00   1.70336881E-01   4.18729239E-01   4.28405346E-01
    179000   3.58000000E+03   1.54823773E-06  -2.98499779E-01   1.16137178E+00   1.46305900E-01   4.18729239E-01   4.28405700E-01
    180000   3.60000000E+03   2.39304098E-06  -4.89567740E-01   1.12332438E+00   1.84805632E-01   4.18729239E-01   4.28398558E-01
    181000   3.62000000E+03   1.77201948E-06   1.57630476E-01   1.22482882E+00   1.69528543E-01   4.18729239E-01   4.28399246E-01
    182000   3.64000000E+03   4.04241619E-06   9.20271417E-01   1.19575008E+00   2.14662997E-01   4.18729239E-01   4.28391665E-01
    183000   3.66000000E+03   1.23588662E-06  -8.13897820E-02   1.27372197E+00   1.83320127E-01   4.18729239E-01   4.28392921E-01
    184000   3.68000000E+03   2.82957778E-06   4.37278496E-01   1.17775145E+00   1.97671777E-01   4.18729239E-01   4.28385744E-01
    185000   3.70000000E+03   1.38586577E-06   2.57716370E-01   1.22913742E+00   1.92349335E-01   4.18729239E-01   4.28385826E-01
    186000   3.72000000E+03   1.43120828E-06  -1.75338739E-01   1.20246382E+00   1.69557155E-01   4.18729239E-01   4.28379075E-01
    187000   3.74000000E+03   5.05239393E-06   1.09992808E+00   1.28530090E+00   1.66761822E-01   4.18729239E-01   4.28380208E-01
    188000   3.76000000E+03   5.07396260E-06  -1.14601685E+00   1.21134152E+00   1.98591868E-01   4.18729239E-01   4.28373240E-01
    189000   3.78000000E+03   5.23709185E-06  -1.05900782E+00   1.16830362E+00   1.86946801E-01   4.18729239E-01   4.28373592E-01
    190000   3.80000000E+03   8.75506184E-06   1.57782332E+00   1.26345212E+00   1.62423610E-01   4.18729239E-01   4.28366954E-01
    191000   3.82000000E+03   1.50030845E-06   1.60345913E-01   1.19018867E+00   1.68533140E-01   4.18729239E-01   4.28368006E-01
    192000   3.84000000E+03   5.52437195E-06  -8.49065605E-01   1.31162426E+00   1.92314361E-01   4.18729239E-01   4.28362022E-01
    193000   3.86000000E+03   2.50975030E-06  -4.98748456E-01   1.26329549E+00   1.89212064E-01   4.18729239E-01   4.28363123E-01
    194000   3.88000000E+03   8.77300410E-06   1.71790785E+00   1.20612121E+00   2.25379357E-01   4.18729239E-01   4.28357431E-01
    195000   3.90000000E+03   1.22332818E-06  -2.61393318E-01   1.17313567E+00   2.05986021E-01   4.18729239E-01   4.28358405E-01
    196000   3.92000000E+03   3.88225761E-06  -5.29559030E-01   1.18386533E+00   2.02691158E-01   4.18729239E-01   4.28352580E-01
    197000   3.94000000E+03   1.77517362E-06   2.12425382E-01   1.17719701E+00   2.48156047E-01   4.18729239E-01   4.28352753E-01
    198000   3.96000000E+03   2.70112143E-06   4.76191194E-01   1.25274261E+00   1.70168364E-01   4.18729239E-01   4.28347352E-01
    199000   3.98000000E+03   1.88783646E-06  -2.84525452E-01   1.19809705E+00   2.11848991E-01   4.18729239E-01   4.28347940E-01
    200000   4.00000000E+03   8.42357535E-07   3.27238604E-02   1.23770022E+00   1.73681925E-01   4.18729239E-01   4.28557370E-01
    201000   4.02000000E+03   2.63180071E-06   5.41099507E-01   1.23237071E+00   1.78960223E-01   4.18729239E-01   4.28555777E-01
    202000   4.04000000E+03   1.71463782E-06  -3.86979113E-01   1.22704934E+00   1.84595426E-01   4.18729239E-01   4.28548594E-01
    203000   4.06000000E+03   1.26923297E-06   7.03577446E-02   1.23342105E+00   2.17779938E-01   4.18729239E-01   4.28547860E-01
    204000   4.08000000E+03   1.61431379E-06  -4.06725014E-01   1.22847232E+00   1.70334880E-01   4.18729239E-01   4.28540788E-01
    205000   4.10000000E+03   1.67771044E-06  -9.74132936E-02   1.18987771E+00   2.14291011E-01   4.18729239E-01   4.28539799E-01
    206000   4.12000000E+03   9.44135107E-07  -1.97336091E-03   1.30114074E+00   2.08035679E-01   4.18729239E-01   4.28532867E-01
    207000   4.14000000E+03   2.68736371E-06  -5.35334018E-01   1.20336446E+00   1.85714896E-01   4.18729239E-01   4.28531989E-01
    208000   4.16000000E+03   9.12323848E-07   1.08906771E-01   1.18892109E+00   1.74766211E-01   4.18729239E-01   4.28524585E-01
    209000   4.18000000E+03   6.41326769E-06   1.05948116E+00   1.18468633E+00   1.97218058E-01   4.18729239E-01   4.28523626E-01
    210000   4.20000000E+03   3.39065844E-06  -3.54228949E-01   1.25174069E+00   1.92127023E-01   4.18729239E-01   4.28517143E-01
    211000   4.22000000E+03   6.83663069E-06  -1.35415517E+00   1.19390351E+00   1.70103193E-01   4.18729239E-01   4.28518770E-01
    212000   4.24000000E+03   4.08898237E-06   8.89961909E-01   1.19329477E+00   1.38676127E-01   4.18729239E-01   4.28511980E-01
    213000   4.26000000E+03   5.35060636E-06   1.01699024E+00   1.23675472E+00   1.70833592E-01   4.18729239E-01   4.28510541E-01
    214000   4.28000000E+03   6.71392371E-06  -1.39425138E+00   1.24529829E+00   1.79777561E-01   4.18729239E-01   4.28503074E-01
    215000   4.30000000E+03   1.82221652E-06  -4.02431282E-01   1.26233371E+00   2.19156521E-01   4.18729239E-01   4.28501243E-01
    216000   4.32000000E+03   1.19913584E-05   2.34543776E+00   1.29081023E+00   2.22586916E-01   4.18729239E-01   4.28493757E-01
    217000   4.34000000E+03   5.29324008E-06   8.32836670E-01   1.18557097E+00   2.00828565E-01   4.18729239E-01   4.28491835E-01
    218000   4.36000000E+03   1.36106248E-05  -2.50147121E+00   1.36958544E+00   1.63339836E-01   4.18729239E-01   4.28483909E-01
    219000   4.38000000E+03   3.59272440E-06  -8.25539315E-01   1.19762794E+00   1.76947996E-01   4.18729239E-01   4.28481681E-01
    220000   4.40000000E+03   6.64095123E-06   1.25987786E+00   1.33785014E+00   2.07791434E-01   4.18729239E-01   4.28473916E-01
    221000   4.42000000E+03   1.35902280E-06   1.05398602E-01   1.22853819E+00   1.83942858E-01   4.18729239E-01   4.28471478E-01
    222000   4.44000000E+03   4.84690896E-06  -9.13609922E-01   1.19619595E+00   2.02242068E-01   4.18729239E-01   4.28464061E-01
    223000   4.46000000E+03   6.11679326E-06   1.10657843E+00   1.27352135E+00   2.15458537E-01   4.18729239E-01   4.28461402E-01
    224000   4.48000000E+03   1.78050874E-06   3.33814877E-01   1.22910000E+00   1.70261002E-01   4.18729239E-01   4.28453555E-01
    225000   4.50000000E+03   8.93141696E-06  -1.86434646E+00   1.22457562E+00   1.81077484E-01   4.18729239E-01   4.28450940E-01
    226000   4.52000000E+03   4.84157910E-06  -9.41420825E-01   1.21642877E+00   2.06012341E-01   4.18729239E-01   4.28443344E-01
    227000   4.54000000E+03   1.67459755E-06   1.92488998E-01   1.18857285E+00   2.83444324E-01   4.18729239E-01   4.28440740E-01
    228000   4.56000000E+03   9.00292559E-06   1.62532787E+00   1.33822940E+00   1.94355191E-01   4.18729239E-01   4.28433541E-01
    229000   4.58000000E+03   1.49362841E-06  -1.95313853E-01   1.20231931E+00   1.67848749E-01   4.18729239E-01   4.28431664E-01
    230000   4.60000000E+03   3.38399455E-06  -6.90648259E-01   1.24324817E+00   1.91959498E-01   4.18729239E-01   4.28424113E-01
    231000   4.62000000E+03   5.49496901E-06  -9.65121233E-01   1.20323752E+00   1.75884473E-01   4.18729239E-01   4.28421611E-01
    232000   4.64000000E+03   1.41258839E-05   2.58682078E+00   1.37077452E+00   2.19539011E-01   4.18729239E-01   4.28414003E-01
    233000   4.66000000E+03   1.30624714E-06  -2.66991573E-01   1.16801234E+00   1.34334220E-01   4.18729239E-01   4.28412349E-01
    234000   4.68000000E+03   1.25409572E-06  -2.78182062E-01   1.14798216E+00   1.77864296E-01   4.18729239E-01   4.28405130E-01
    235000   4.70000000E+03   1.38475553E-05  -2.78895050E+00   1.26360091E+00   1.83907944E-01   4.18729239E-01   4.28402460E-01
    236000   4.72000000E+03   1.45888274E-06   1.67621221E-01   1.28013450E+00   2.41069069E-01   4.18729239E-01   4.28395592E-01
    237000   4.74000000E+03   9.46891112E-06   1.74519903E+00   1.25761369E+00   2.08299027E-01   4.18729239E-01   4.28393474E-01
    238000   4.76000000E+03   2.67201310E-06  -6.14686630E-01   1.27971799E+00   1.90262766E-01   4.18729239E-01   4.28386721E-01
    239000   4.78000000E+03   4.36024047E-06  -8.92113316E-01   1.20132021E+00   2.06319495E-01   4.18729239E-01   4.28384928E-01
    240000   4.80000000E+03   2.44804549E-06  -6.23812091E-01   1.22141524E+00   1.78881262E-01   4.18729239E-01   4.28379048E-01
    241000   4.82000000E+03   3.39803431E-06  -6.98164513E-01   1.50994487E+00   1.70231319E-01   4.18729239E-01   4.28377840E-01
    242000   4.84000000E+03   7.10572725E-07  -8.48900683E-02   1.21859834E+00   1.73679362E-01   4.18729239E-01   4.28371634E-01
    243000   4.86000000E+03   9.99724055E-07   1.69286348E-01   1.28074666E+00   1.84732384E-01   4.18729239E-01   4.28369878E-01
    244000   4.88000000E+03   6.94185722E-07  -8.31790885E-02   1.23280200E+00   1.82304711E-01   4.18729239E-01   4.28364405E-01
    245000   4.90000000E+03   9.12317683E-07  -1.43199945E-01   1.22733301E+00   1.82797900E-01   4.18729239E-01   4.28363704E-01
    246000   4.92000000E+03   3.49950187E-06  -5.02621485E-01   1.25718571E+00   1.72387215E-01   4.18729239E-01   4.28358541E-01
    247000   4.94000000E+03   2.20275623E-06  -2.38291858E-01   1.14209568E+00   2.04793602E-01   4.18729239E-01   4.28357756E-01
    248000   4.96000000E+03   1.29744090E-06  -2.42599509E-01   1.28667507E+00   1.86961414E-01   4.18729239E-01   4.28352496E-01
    249000   4.98000000E+03   2.43324266E-06  -5.44399531E-01   1.22248613E+00   1.60893849E-01   4.18729239E-01   4.28351834E-01
    250000   5.00000000E+03   1.25083314E-06  -1.83432148E-04   1.23878025E+00   2.27885681E-01   4.18729239E-01   4.28488832E-01
    251000   5.02000000E+03   1.11954924E-06  -1.38508408E-01   1.22354048E+00   1.97493158E-01   4.18729239E-01   4.28486431E-01
    252000   5.04000000E+03   3.86838044E-06   7.36787905E-01   1.19196295E+00   2.34742416E-01   4.18729239E-01   4.28480736E-01
    253000   5.06000000E+03   1.76434977E-06  -3.29525023E-01   1.18635131E+00   1.77930136E-01   4.18729239E-01   4.28479397E-01
    254000   5.08000000E+03   5.68459102E-06  -1.31091135E+00   1.25518954E+00   1.78376780E-01   4.18729239E-01   4.28473573E-01
    255000   5.10000000E+03   4.27855125E-06   6.15520203E-01   1.32370490E+00   1.77046385E-01   4.18729239E-01   4.28473371E-01
    256000   5.12000000E+03   7.83820328E-07   1.01113174E-01   1.27859009E+00   1.75073679E-01   4.18729239E-01   4.28467887E-01
    257000   5.14000000E+03   9.80684485E-07   2.06064944E-01   1.26077575E+00   1.98417738E-01   4.18729239E-01   4.28466980E-01
    258000   5.16000000E+03   1.45173248E-06  -3.19141255E-01   1.17836280E+00   1.93201441E-01   4.18729239E-01   4.28461262E-01
    259000   5.18000000E+03   3.59727201E-06   6.45056761E-01   1.32125838E+00   1.60215485E-01   4.18729239E-01   4.28460248E-01
    260000   5.20000000E+03   3.28261677E-06  -6.97641764E-01   1.23446185E+00   1.71655828E-01   4.18729239E-01   4.28454948E-01
    261000   5.22000000E+03   8.41980384E-06  -1.54873963E+00   1.26023826E+00   2.03031357E-01   4.18729239E-01   4.28453562E-01
    262000   5.24000000E+03   1.15594521E-05   2.21421074E+00   1.21413512E+00   1.98887608E-01   4.18729239E-01   4.28448304E-01
    263000   5.26000000E+03   2.68916732E-06   6.62754587E-01   1.18803297E+00   1.80764622E-01   4.18729239E-01   4.28447380E-01
    264000   5.28000000E+03   6.03612477E-06  -1.18494459E+00   1.54515353E+00   2.30823881E-01   4.18729239E-01   4.28442217E-01
    265000   5.30000000E+03   5.76678714E-06   1.13076370E+00   1.25033134E+00   1.92790897E-01   4.18729239E-01   4.28441119E-01
    266000   5.32000000E+03   4.60684348E-06   9.55400055E-01   1.21843633E+00   2.02351402E-01   4.18729239E-01   4.28436426E-01
    267000   5.34000000E+03   3.23338952E-06  -5.95037506E-01   1.19768950E+00   1.47085263E-01   4.18729239E-01   4.28435892E-01
    268000   5.36000000E+03   3.43658000E-06   7.46934074E-01   1.17116117E+00   1.91785827E-01   4.18729239E-01   4.28431245E-01
    269000   5.38000000E+03   2.95693460E-06   6.63622317E-01   1.26415148E+00   1.94686084E-01   4.18729239E-01   4.28430736E-01
    270000   5.40000000E+03   3.75948354E-06  -7.13060655E-01   1.20249857E+00   1.78401182E-01   4.18729239E-01   4.28426264E-01
    271000   5.42000000E+03   3.33967628E-06  -7.70059653E-01   1.23933050E+00   2.05142321E-01   4.18729239E-01   4.28426028E-01
    272000   5.44000000E+03   7.66750959E-07  -8.42383945E-02   1.18068470E+00   2.24473227E-01   4.18729239E-01   4.28421851E-01
    273000   5.46000000E+03   4.87592602E-06   1.03561752E+00   1.20004290E+00   1.93504665E-01   4.18729239E-01   4.28421178E-01
