iteration time L2_div global_div Linf_vel CFL Peclet wall_seconds_per_step
      1000   2.00000000E+01   1.97777037E-06   2.70436923E-02   1.35866575E+00   2.03700946E-01   4.18729239E-01   4.27550078E-01
      2000   4.00000000E+01   3.24597836E-06  -6.15906813E-01   1.28918126E+00   1.87419449E-01   4.18729239E-01   4.27282973E-01
      3000   6.00000000E+01   1.27961542E-06   4.40972981E-02   1.29482412E+00   2.01678573E-01   4.18729239E-01   4.27199509E-01
      4000   8.00000000E+01   1.90560276E-06   3.53072847E-01   1.26864025E+00   1.97544169E-01   4.18729239E-01   4.27144085E-01
      5000   1.00000000E+02   1.19080048E-06  -2.43745795E-01   1.24021060E+00   1.82832687E-01   4.18729239E-01   4.27125365E-01
      6000   1.20000000E+02   1.09765296E-06  -1.32415349E-01   1.21564409E+00   1.77723996E-01   4.18729239E-01   4.27128183E-01
      7000   1.40000000E+02   1.09880964E-06   1.66577573E-01   1.17906877E+00   1.55484736E-01   4.18729239E-01   4.27125316E-01
      8000   1.60000000E+02   7.79231617E-07   1.36508065E-01   1.22409193E+00   1.92115166E-01   4.18729239E-01   4.27123973E-01
      9000   1.80000000E+02   9.68267753E-07  -1.38696844E-01   1.28102504E+00   1.43990073E-01   4.18729239E-01   4.27130259E-01
     10000   2.00000000E+02   5.54058055E-07  -1.85428940E-03   1.26592265E+00   1.71496197E-01   4.18729239E-01   4.27135001E-01
     11000   2.20000000E+02   8.26860176E-07   1.38296177E-01   1.34251611E+00   1.93337846E-01   4.18729239E-01   4.27135881E-01
     12000   2.40000000E+02   5.91330530E-07  -3.75129602E-03   1.22509962E+00   2.08532703E-01   4.18729239E-01   4.27139529E-01
     13000   2.60000000E+02   7.06957426E-07  -5.35395263E-02   1.29866889E+00   2.06329804E-01   4.18729239E-01   4.27143286E-01
     14000   2.80000000E+02   5.37788218E-07   2.13475051E-02   1.14781410E+00   2.05365352E-01   4.18729239E-01   4.27147119E-01
     15000   3.00000000E+02   5.93162797E-07   5.90119654E-02   1.31476235E+00   1.85338265E-01   4.18729239E-01   4.27149499E-01
     16000   3.20000000E+02   5.62640995E-07  -3.04690169E-02   1.18365307E+00   1.78927521E-01   4.18729239E-01   4.27150988E-01
     17000   3.40000000E+02   5.80732648E-07  -2.94310935E-02   1.23577332E+00   1.89116943E-01   4.18729239E-01   4.27157138E-01
     18000   3.60000000E+02   5.57269181E-07   2.76712551E-02   1.13669150E+00   2.06680039E-01   4.18729239E-01   4.27162276E-01
     19000   3.80000000E+02   5.77718239E-07   7.67706889E-03   1.17091362E+00   1.89446960E-01   4.18729239E-01   4.27169749E-01
     20000   4.00000000E+02   5.82799155E-07  -2.11367196E-02   1.33333311E+00   1.82885745E-01   4.18729239E-01   4.28297515E-01
     21000   4.20000000E+02   5.63680711E-07  -8.57039342E-03   1.36967067E+00   1.82136044E-01   4.18729239E-01   4.28240127E-01
     22000   4.40000000E+02   6.06896534E-07   1.55702064E-02   1.23223967E+00   2.00665361E-01   4.18729239E-01   4.28187964E-01
     23000   4.60000000E+02   5.96520978E-07  -2.27238897E-03   1.25769696E+00   4.29830999E-01   4.18729239E-01   4.28141041E-01
     24000   4.80000000E+02   5.95307573E-07  -1.08302749E-02   1.17115608E+00   1.95557490E-01   4.18729239E-01   4.28098020E-01
     25000   5.00000000E+02   6.00754853E-07   3.41412636E-03   1.26149543E+00   1.73915830E-01   4.18729239E-01   4.28059969E-01
     26000   5.20000000E+02   5.99039963E-07   6.62293005E-03   1.20441908E+00   1.83148953E-01   4.18729239E-01   4.28025923E-01
     27000   5.40000000E+02   6.37998889E-07  -3.07890971E-03   1.28464052E+00   2.39462967E-01   4.18729239E-01   4.27993640E-01
     28000   5.60000000E+02   5.85046113E-07  -3.59863715E-03   1.17963936E+00   1.74571347E-01   4.18729239E-01   4.27963687E-01
     29000   5.80000000E+02   5.81402774E-07   4.84543560E-03   1.22761324E+00   1.88877660E-01   4.18729239E-01   4.27936645E-01
     30000   6.00000000E+02   6.24635468E-07   2.61068195E-03   1.26315936E+00   1.73542711E-01   4.18729239E-01   4.27909478E-01
     31000   6.20000000E+02   6.18029011E-07  -1.60345357E-03   1.21822235E+00   2.07413080E-01   4.18729239E-01   4.27885862E-01
     32000   6.40000000E+02   6.56740855E-07  -5.24184060E-04   1.17775521E+00   2.12859717E-01   4.18729239E-01   4.27862697E-01
     33000   6.60000000E+02   6.40676766E-07   3.02967368E-03   1.20795545E+00   1.80387999E-01   4.18729239E-01   4.27842875E-01
     34000   6.80000000E+02   6.06955447E-07   6.15130107E-04   1.21645124E+00   1.81816712E-01   4.18729239E-01   4.27823183E-01
     35000   7.00000000E+02   6.47039537E-07  -1.02346257E-03   1.19616239E+00   1.95203497E-01   4.18729239E-01   4.27805085E-01
     36000   7.20000000E+02   6.55871616E-07   6.33421234E-04   1.33859468E+00   1.83633017E-01   4.18729239E-01   4.27788202E-01
     37000   7.40000000E+02   6.58711695E-07   5.12813466E-04   1.17275725E+00   1.58747676E-01   4.18729239E-01   4.27772357E-01
     38000   7.60000000E+02   6.29722556E-07  -1.37267566E-03   1.24927584E+00   2.15156613E-01   4.18729239E-01   4.27757604E-01
     39000   7.80000000E+02   6.30399897E-07   6.48844713E-03   1.33997107E+00   1.65425005E-01   4.18729239E-01   4.27743188E-01
     40000   8.00000000E+02   8.66566377E-07   8.08953267E-02   1.22190844E+00   2.33735655E-01   4.18729239E-01   4.28264643E-01
     41000   8.20000000E+02   8.64822816E-07  -9.62119853E-02   1.22204196E+00   1.67344267E-01   4.18729239E-01   4.28238009E-01
     42000   8.40000000E+02   8.03109748E-07  -1.00083326E-01   1.18097349E+00   2.06558165E-01   4.18729239E-01   4.28213211E-01
     43000   8.60000000E+02   1.59519378E-06  -2.26304440E-01   1.16452231E+00   1.93944428E-01   4.18729239E-01   4.28190124E-01
     44000   8.80000000E+02   9.64309682E-07  -1.73796803E-01   1.28836029E+00   1.99811117E-01   4.18729239E-01   4.28168050E-01
     45000   9.00000000E+02   8.22982945E-07  -3.89201794E-02   1.22442533E+00   1.83713923E-01   4.18729239E-01   4.28147125E-01
     46000   9.20000000E+02   5.27914986E-06   9.61356367E-01   1.18487736E+00   1.34440521E-01   4.18729239E-01   4.28127516E-01
     47000   9.40000000E+02   3.02799317E-06  -5.48469266E-01   1.18783774E+00   2.11633146E-01   4.18729239E-01   4.28109036E-01
     48000   9.60000000E+02   4.61847917E-06  -9.19207266E-01   1.28357602E+00   1.72077928E-01   4.18729239E-01   4.28090879E-01
     49000   9.80000000E+02   2.31172494E-06  -4.66051399E-01   1.20996855E+00   2.03195647E-01   4.18729239E-01   4.28073385E-01
     50000   1.00000000E+03   1.35419502E-06  -2.93877191E-01   1.16061327E+00   1.93553549E-01   4.18729239E-01   4.28056609E-01
     51000   1.02000000E+03   2.41602349E-06  -4.21283232E-01   1.19252796E+00   1.73996933E-01   4.18729239E-01   4.28040184E-01
     52000   1.04000000E+03   9.29764777E-06   1.67371307E+00   1.28238176E+00   2.00743670E-01   4.18729239E-01   4.28023648E-01
     53000   1.06000000E+03   1.00394263E-05   1.97273485E+00   1.19353697E+00   1.96880495E-01   4.18729239E-01   4.28008606E-01
     54000   1.08000000E+03   1.47695569E-05  -2.52266094E+00   1.16885099E+00   1.58470906E-01   4.18729239E-01   4.27998715E-01
     55000   1.10000000E+03   5.07968421E-06  -8.28471610E-01   1.26437586E+00   1.70551243E-01   4.18729239E-01   4.27983856E-01
     56000   1.12000000E+03   1.11705425E-05   2.02466380E+00   1.29475577E+00   2.28677518E-01   4.18729239E-01   4.27968714E-01
     57000   1.14000000E+03   1.77698678E-06   4.40565745E-01   1.18379560E+00   2.40372676E-01   4.18729239E-01   4.27955314E-01
     58000   1.16000000E+03   4.95870651E-06  -9.72417747E-01   1.20622189E+00   1.89644051E-01   4.18729239E-01   4.27942002E-01
     59000   1.18000000E+03   1.61214906E-06  -2.30585273E-01   1.20762011E+00   2.42234450E-01   4.18729239E-01   4.27929631E-01
     60000   1.20000000E+03   2.36392852E-06   5.57845058E-01   1.15029258E+00   2.31977571E-01   4.18729239E-01   4.28270807E-01
     61000   1.22000000E+03   7.74615700E-06   1.57951462E+00   1.24915297E+00   2.10217130E-01   4.18729239E-01   4.28252470E-01
     62000   1.24000000E+03   1.99973312E-06   5.89199617E-01   1.17585012E+00   2.59266671E-01   4.18729239E-01   4.28235387E-01
     63000   1.26000000E+03   3.15308716E-06  -5.95202834E-01   1.17441288E+00   1.64341173E-01   4.18729239E-01   4.28219133E-01
     64000   1.28000000E+03   1.24763319E-06  -2.26000510E-01   1.20038887E+00   1.90298789E-01   4.18729239E-01   4.28202512E-01
     65000   1.30000000E+03   2.69742835E-06   5.50760841E-01   1.25961345E+00   1.38747360E-01   4.18729239E-01   4.28186009E-01
     66000   1.32000000E+03   5.08679338E-06  -1.02154063E+00   1.29334123E+00   1.82877481E-01   4.18729239E-01   4.28170513E-01
     67000   1.34000000E+03   7.04193766E-06  -1.36644001E+00   1.26259610E+00   1.88826375E-01   4.18729239E-01   4.28155359E-01
     68000   1.36000000E+03   3.60261049E-06   8.11166917E-01   1.29530100E+00   1.40599029E-01   4.18729239E-01   4.28140581E-01
     69000   1.38000000E+03   3.83126499E-06   7.98162219E-01   1.29572705E+00   2.00358499E-01   4.18729239E-01   4.28126481E-01
     70000   1.40000000E+03   2.25641491E-06  -3.15451997E-01   1.21403333E+00   1.88119780E-01   4.18729239E-01   4.28112538E-01
     71000   1.42000000E+03   2.81065798E-06  -5.46351399E-01   1.22892898E+00   3.47307287E-01   4.18729239E-01   4.28099263E-01
     72000   1.44000000E+03   2.09935521E-06   2.67939802E-01   1.23153802E+00   1.68884225E-01   4.18729239E-01   4.28086317E-01
     73000   1.46000000E+03   2.66622612E-06   5.65071684E-01   1.20276901E+00   1.86162573E-01   4.18729239E-01   4.28074507E-01
     74000   1.48000000E+03   8.37565090E-06  -1.84123723E+00   1.17342611E+00   2.32634063E-01   4.18729239E-01   4.28062649E-01
     75000   1.50000000E+03   3.57715151E-06  -7.27731724E-01   1.19944643E+00   2.07236647E-01   4.18729239E-01   4.28055799E-01
     76000   1.52000000E+03   5.45355349E-06   9.02440060E-01   1.23027199E+00   2.01966884E-01   4.18729239E-01   4.28044813E-01
     77000   1.54000000E+03   1.11926666E-06   1.85222915E-01   1.22831404E+00   2.06141661E-01   4.18729239E-01   4.28033705E-01
     78000   1.56000000E+03   6.56643125E-06  -1.23076823E+00   1.31486163E+00   1.61994660E-01   4.18729239E-01   4.28022682E-01
     79000   1.58000000E+03   1.94095238E-06   4.34073549E-01   1.25411494E+00   1.92839587E-01   4.18729239E-01   4.28012201E-01
     80000   1.60000000E+03   2.90233252E-06   5.12189724E-01   1.20280197E+00   1.80751825E-01   4.18729239E-01   4.28267004E-01
     81000   1.62000000E+03   4.92908354E-06  -8.82764876E-01   1.25844584E+00   2.22666970E-01   4.18729239E-01   4.28253344E-01
     82000   1.64000000E+03   1.59591648E-06  -2.26063776E-01   1.17695453E+00   1.95567483E-01   4.18729239E-01   4.28240704E-01
     83000   1.66000000E+03   5.96999904E-06   1.02216018E+00   1.18320091E+00   1.55635545E-01   4.18729239E-01   4.28228024E-01
     84000   1.68000000E+03   8.96429043E-06  -1.66144866E+00   1.14780675E+00   1.97561128E-01   4.18729239E-01   4.28215740E-01
     85000   1.70000000E+03   5.23781790E-06   9.41821103E-01   1.18270385E+00   1.72848277E-01   4.18729239E-01   4.28203748E-01
     86000   1.72000000E+03   3.89812968E-06   7.71549844E-01   1.20200069E+00   1.93925165E-01   4.18729239E-01   4.28191926E-01
     87000   1.74000000E+03   4.62683489E-06  -8.33607119E-01   1.18405906E+00   1.54958332E-01   4.18729239E-01   4.28180159E-01
     88000   1.76000000E+03   5.70056188E-06  -1.09460210E+00   1.24727981E+00   1.72733898E-01   4.18729239E-01   4.28168866E-01
     89000   1.78000000E+03   5.60914151E-06   1.08417054E+00   1.22275200E+00   1.82001125E-01   4.18729239E-01   4.28157530E-01
     90000   1.80000000E+03   1.66547357E-06   3.09364817E-01   1.27556907E+00   2.05206496E-01   4.18729239E-01   4.28146371E-01
     91000   1.82000000E+03   2.68304327E-06   6.46510244E-01   1.21711245E+00   1.76056064E-01   4.18729239E-01   4.28135641E-01
     92000   1.84000000E+03   4.99592209E-06  -9.03769570E-01   1.22956574E+00   2.81566012E-01   4.18729239E-01   4.28125107E-01
     93000   1.86000000E+03   1.98498569E-06   3.83413279E-01   1.18283985E+00   1.88930023E-01   4.18729239E-01   4.28115007E-01
     94000   1.88000000E+03   7.33487149E-06   1.39577071E+00   1.22028985E+00   1.86040600E-01   4.18729239E-01   4.28105624E-01
     95000   1.90000000E+03   7.66937257E-06  -1.37809160E+00   1.23915606E+00   1.82377092E-01   4.18729239E-01   4.28095856E-01
     96000   1.92000000E+03   7.75133745E-06  -1.33784222E+00   1.34605600E+00   1.65624599E-01   4.18729239E-01   4.28086029E-01
     97000   1.94000000E+03   9.38667610E-06   1.82238463E+00   1.17305773E+00   2.00891461E-01   4.18729239E-01   4.28076501E-01
     98000   1.96000000E+03   2.91012902E-06   4.14242449E-01   1.27051282E+00   1.85760679E-01   4.18729239E-01   4.28067309E-01
     99000   1.98000000E+03   1.02870499E-05  -2.04091271E+00   1.14976210E+00   2.12645092E-01   4.18729239E-01   4.28058183E-01
    100000   2.00000000E+03   1.32164976E-06   2.98087208E-01   1.20775546E+00   1.81522653E-01   4.18729239E-01   4.28264060E-01
