iteration time L2_div global_div Linf_vel CFL Peclet wall_seconds_per_step
    251000   5.02000000E+03   1.06177997E-06  -1.41219407E-01   1.19411285E+00   1.02642896E-01   4.18729239E-01   4.27606023E-01
    252000   5.04000000E+03   3.84101799E-06   7.37224598E-01   1.16385274E+00   8.76626134E-02   4.18729239E-01   4.27406950E-01
    253000   5.06000000E+03   1.71766291E-06  -3.31604679E-01   1.10263478E+00   7.19404630E-02   4.18729239E-01   4.27357094E-01
    254000   5.08000000E+03   5.66889941E-06  -1.31112043E+00   1.10558519E+00   7.23255283E-02   4.18729239E-01   4.27329421E-01
    255000   5.10000000E+03   4.25774837E-06   6.15550216E-01   1.08549834E+00   7.03318162E-02   4.18729239E-01   4.27301161E-01
    256000   5.12000000E+03   6.83693801E-07   9.97223645E-02   1.08538351E+00   7.08818795E-02   4.18729239E-01   4.27283715E-01
    257000   5.14000000E+03   8.86177341E-07   2.06763871E-01   1.17184496E+00   7.65515634E-02   4.18729239E-01   4.27270232E-01
    258000   5.16000000E+03   1.40033813E-06  -3.20105521E-01   1.13489229E+00   7.41785245E-02   4.18729239E-01   4.27270689E-01
    259000   5.18000000E+03   3.56718525E-06   6.45170672E-01   1.09600637E+00   6.95115504E-02   4.18729239E-01   4.27260810E-01
    260000   5.20000000E+03   3.25860460E-06  -6.97980240E-01   1.11174292E+00   7.19347204E-02   4.18729239E-01   4.29336822E-01
    261000   5.22000000E+03   8.40925411E-06  -1.54988738E+00   1.14773176E+00   7.47458671E-02   4.18729239E-01   4.29137053E-01
    262000   5.24000000E+03   1.15520274E-05   2.21423700E+00   1.11847893E+00   7.32776603E-02   4.18729239E-01   4.28975219E-01
    263000   5.26000000E+03   2.67172456E-06   6.61311709E-01   1.11309895E+00   7.21019824E-02   4.18729239E-01   4.28839228E-01
    264000   5.28000000E+03   6.02626067E-06  -1.18490331E+00   1.10042664E+00   8.33636681E-02   4.18729239E-01   4.28722073E-01
    265000   5.30000000E+03   5.75320507E-06   1.13011533E+00   1.12280013E+00   8.22296060E-02   4.18729239E-01   4.28622656E-01
    266000   5.32000000E+03   4.59081060E-06   9.54908583E-01   1.13137975E+00   7.39583475E-02   4.18729239E-01   4.28533412E-01
    267000   5.34000000E+03   3.21370515E-06  -5.95536944E-01   1.11943395E+00   7.34350491E-02   4.18729239E-01   4.28454916E-01
    268000   5.36000000E+03   3.41913556E-06   7.45956750E-01   1.14350287E+00   7.59791213E-02   4.18729239E-01   4.28382492E-01
    269000   5.38000000E+03   2.92779714E-06   6.63271989E-01   1.13269321E+00   7.39597192E-02   4.18729239E-01   4.28318729E-01
    270000   5.40000000E+03   3.74629617E-06  -7.13384917E-01   1.09962570E+00   9.05371715E-02   4.18729239E-01   4.28261426E-01
    271000   5.42000000E+03   3.31185428E-06  -7.70898363E-01   1.17980720E+00   7.86979262E-02   4.18729239E-01   4.28210697E-01
    272000   5.44000000E+03   6.71781135E-07  -8.51959524E-02   1.11411685E+00   8.45311601E-02   4.18729239E-01   4.28165033E-01
    273000   5.46000000E+03   4.86444717E-06   1.03605703E+00   1.11141318E+00   7.53059159E-02   4.18729239E-01   4.28121895E-01
    274000   5.48000000E+03   1.92549672E-06   2.12803847E-01   1.13448436E+00   7.43815586E-02   4.18729239E-01   4.28082965E-01
    275000   5.50000000E+03   6.72861895E-06  -1.35501760E+00   1.15445277E+00   1.00855095E-01   4.18729239E-01   4.28047948E-01
    276000   5.52000000E+03   3.73393513E-06   7.30164080E-01   1.11773053E+00   7.66300029E-02   4.18729239E-01   4.28015874E-01
    277000   5.54000000E+03   4.56408834E-06   8.58455923E-01   1.13897993E+00   7.46477797E-02   4.18729239E-01   4.27987976E-01
    278000   5.56000000E+03   3.32841424E-06  -7.34595817E-01   1.14931131E+00   7.53241056E-02   4.18729239E-01   4.27960862E-01
    279000   5.58000000E+03   3.70979400E-06  -6.30282055E-01   1.10525212E+00   7.20346970E-02   4.18729239E-01   4.27936161E-01
    280000   5.60000000E+03   6.77788665E-06   1.32809932E+00   1.12900241E+00   7.33282381E-02   4.18729239E-01   4.28609582E-01
    281000   5.62000000E+03   9.40480918E-07  -3.85007988E-03   1.10305207E+00   8.39872125E-02   4.18729239E-01   4.28563635E-01
    282000   5.64000000E+03   7.00010056E-06  -1.06990451E+00   1.12597043E+00   8.24338463E-02   4.18729239E-01   4.28520292E-01
    283000   5.66000000E+03   1.30176333E-06   7.90043882E-02   1.11201292E+00   7.27226590E-02   4.18729239E-01   4.28480699E-01
    284000   5.68000000E+03   5.19872813E-06   1.19887605E+00   1.12718204E+00   7.35720357E-02   4.18729239E-01   4.28443213E-01
    285000   5.70000000E+03   2.90645820E-06  -6.32655108E-01   1.15658742E+00   7.43662085E-02   4.18729239E-01   4.28407757E-01
    286000   5.72000000E+03   6.09752746E-06  -1.23036202E+00   1.17946437E+00   7.84876406E-02   4.18729239E-01   4.28375415E-01
    287000   5.74000000E+03   3.12541398E-06   6.09790177E-01   1.11960374E+00   7.29436398E-02   4.18729239E-01   4.28346088E-01
    288000   5.76000000E+03   7.91526761E-06   1.35174418E+00   1.11305762E+00   1.08614059E-01   4.18729239E-01   4.28316925E-01
    289000   5.78000000E+03   1.08060275E-05  -2.12162222E+00   1.08973740E+00   7.00297584E-02   4.18729239E-01   4.28289163E-01
    290000   5.80000000E+03   8.90521588E-06  -1.83494278E+00   1.11783495E+00   7.06357692E-02   4.18729239E-01   4.28262566E-01
    291000   5.82000000E+03   8.56390586E-06   1.86903679E+00   1.17545690E+00   7.70558493E-02   4.18729239E-01   4.28238018E-01
    292000   5.84000000E+03   1.00289915E-05   1.78960620E+00   1.11191634E+00   7.06251610E-02   4.18729239E-01   4.28212929E-01
    293000   5.86000000E+03   9.10993254E-06  -1.85221388E+00   1.10568211E+00   7.02700534E-02   4.18729239E-01   4.28189146E-01
    294000   5.88000000E+03   1.31773123E-05  -2.63269792E+00   1.10468717E+00   7.31092491E-02   4.18729239E-01   4.28166109E-01
    295000   5.90000000E+03   6.54110799E-06   1.31132003E+00   1.12356936E+00   7.36423770E-02   4.18729239E-01   4.28145000E-01
    296000   5.92000000E+03   1.21898259E-06   1.51111164E-01   1.12436141E+00   8.23887233E-02   4.18729239E-01   4.28124816E-01
    297000   5.94000000E+03   5.15763329E-06  -9.22650879E-01   1.10487210E+00   7.61967810E-02   4.18729239E-01   4.28104501E-01
    298000   5.96000000E+03   2.83744721E-06  -5.32246985E-01   1.18211196E+00   7.56782081E-02   4.18729239E-01   4.28086229E-01
    299000   5.98000000E+03   4.52801512E-06   9.30308433E-01   1.09772077E+00   6.90212832E-02   4.18729239E-01   4.28068320E-01
    300000   6.00000000E+03   3.37223417E-06   7.49709178E-01   1.10497663E+00   6.91138416E-02   4.18729239E-01   4.28472921E-01
    301000   6.02000000E+03   4.61877117E-06  -1.00480482E+00   1.11973606E+00   7.60215761E-02   4.18729239E-01   4.28447570E-01
    302000   6.04000000E+03   3.24113959E-06  -5.99559176E-01   1.13350956E+00   8.73879458E-02   4.18729239E-01   4.28423714E-01
    303000   6.06000000E+03   7.95068752E-06   1.50860048E+00   1.12968755E+00   7.37235276E-02   4.18729239E-01   4.28400171E-01
    304000   6.08000000E+03   1.48712072E-06   2.28855440E-01   1.11556364E+00   7.04098195E-02   4.18729239E-01   4.28377818E-01
    305000   6.10000000E+03   4.16501987E-06  -7.99718120E-01   1.16108551E+00   7.22647907E-02   4.18729239E-01   4.28356236E-01
    306000   6.12000000E+03   6.63409201E-06   1.44388355E+00   1.11001546E+00   1.05184201E-01   4.18729239E-01   4.28335180E-01
    307000   6.14000000E+03   8.74144248E-07   1.58629266E-01   1.13945643E+00   7.15434349E-02   4.18729239E-01   4.28315043E-01
    308000   6.16000000E+03   1.80069515E-06  -3.66703770E-01   1.10975123E+00   7.50972347E-02   4.18729239E-01   4.28295531E-01
    309000   6.18000000E+03   1.08685840E-05  -2.02961897E+00   1.09711902E+00   7.14995270E-02   4.18729239E-01   4.28276434E-01
    310000   6.20000000E+03   2.18936189E-06  -2.77597611E-01   1.11582097E+00   7.56273891E-02   4.18729239E-01   4.28257786E-01
    311000   6.22000000E+03   1.44826212E-05   2.72309470E+00   1.19186557E+00   7.89042129E-02   4.18729239E-01   4.28240090E-01
    312000   6.24000000E+03   8.61055909E-07  -7.67780743E-02   1.12187331E+00   7.30663825E-02   4.18729239E-01   4.28223014E-01
    313000   6.26000000E+03   1.11131661E-05  -2.06315011E+00   1.11160058E+00   7.15209108E-02   4.18729239E-01   4.28206149E-01
    314000   6.28000000E+03   6.22807517E-07  -3.89923911E-02   1.09773719E+00   7.15555339E-02   4.18729239E-01   4.28190113E-01
    315000   6.30000000E+03   1.22068742E-05   2.32257646E+00   1.13835926E+00   7.52398023E-02   4.18729239E-01   4.28175004E-01
    316000   6.32000000E+03   8.04794597E-06  -1.35000936E+00   1.12633157E+00   7.29344376E-02   4.18729239E-01   4.28160382E-01
    317000   6.34000000E+03   5.43672882E-06  -1.01450228E+00   1.11739235E+00   7.11424335E-02   4.18729239E-01   4.28145971E-01
    318000   6.36000000E+03   7.66230705E-06   1.48824382E+00   1.11356365E+00   7.10006002E-02   4.18729239E-01   4.28131622E-01
    319000   6.38000000E+03   1.18551995E-06   2.72519812E-01   1.10994330E+00   7.69956758E-02   4.18729239E-01   4.28117755E-01
    320000   6.40000000E+03   1.13368167E-06   2.37857485E-01   1.12570977E+00   7.33218988E-02   4.18729239E-01   4.28404339E-01
    321000   6.42000000E+03   1.88859969E-06  -4.65362028E-01   1.11053909E+00   7.69995580E-02   4.18729239E-01   4.28386190E-01
    322000   6.44000000E+03   3.91958567E-06   7.52223961E-01   1.13588675E+00   7.90092790E-02   4.18729239E-01   4.28369677E-01
    323000   6.46000000E+03   8.32981402E-07   3.06214227E-02   1.11482631E+00   8.26287408E-02   4.18729239E-01   4.28353694E-01
    324000   6.48000000E+03   1.90780659E-06  -3.06879101E-01   1.12044567E+00   7.25281784E-02   4.18729239E-01   4.28338317E-01
    325000   6.50000000E+03   2.77121061E-06   5.08880603E-01   1.13213530E+00   7.45113994E-02   4.18729239E-01   4.28323269E-01
    326000   6.52000000E+03   7.10118872E-07  -9.44433582E-02   1.08952342E+00   7.22705487E-02   4.18729239E-01   4.28308253E-01
    327000   6.54000000E+03   5.49540449E-06  -8.04846327E-01   1.10191511E+00   7.80406441E-02   4.18729239E-01   4.28293763E-01
    328000   6.56000000E+03   2.02027989E-06   2.49840703E-01   1.15590413E+00   7.56271128E-02   4.18729239E-01   4.28279965E-01
    329000   6.58000000E+03   8.34417974E-06   1.58396039E+00   1.11244452E+00   7.79792131E-02   4.18729239E-01   4.28266267E-01
    330000   6.60000000E+03   3.49476358E-06  -6.39904282E-01   1.10175349E+00   7.31757260E-02   4.18729239E-01   4.28253158E-01
    331000   6.62000000E+03   2.16118556E-06  -2.87113764E-01   1.11872136E+00   7.13770563E-02   4.18729239E-01   4.28239772E-01
    332000   6.64000000E+03   5.00289765E-06   8.43146095E-01   1.11248295E+00   7.19876249E-02   4.18729239E-01   4.28227068E-01
    333000   6.66000000E+03   7.19024447E-06   1.30324636E+00   1.11925666E+00   7.86268341E-02   4.18729239E-01   4.28213826E-01
    334000   6.68000000E+03   4.86621006E-06  -9.87683673E-01   1.10704204E+00   7.13245125E-02   4.18729239E-01   4.28201434E-01
    335000   6.70000000E+03   1.20166528E-06  -2.94936073E-01   1.11046273E+00   7.09117268E-02   4.18729239E-01   4.28188941E-01
    336000   6.72000000E+03   1.38211454E-06   2.90124339E-01   1.15044010E+00   7.54818296E-02   4.18729239E-01   4.28180460E-01
    337000   6.74000000E+03   1.23354590E-06   1.50087480E-01   1.12952261E+00   7.32330611E-02   4.18729239E-01   4.28170757E-01
    338000   6.76000000E+03   5.92125235E-06   1.17760583E+00   1.11485451E+00   7.17522284E-02   4.18729239E-01   4.28160515E-01
    339000   6.78000000E+03   4.60571966E-06   7.75669137E-01   1.09523030E+00   1.20780584E-01   4.18729239E-01   4.28150929E-01
    340000   6.80000000E+03   2.93817878E-06  -5.20156560E-01   1.11499104E+00   7.75020932E-02   4.18729239E-01   4.28374307E-01
    341000   6.82000000E+03   2.82239566E-06  -4.59029027E-01   1.11216736E+00   7.06120037E-02   4.18729239E-01   4.28360991E-01
    342000   6.84000000E+03   2.53069216E-06   5.01194092E-01   1.14176069E+00   7.30207121E-02   4.18729239E-01   4.28348130E-01
    343000   6.86000000E+03   2.19465739E-06   1.18515074E-02   1.14111662E+00   7.16860032E-02   4.18729239E-01   4.28335563E-01
    344000   6.88000000E+03   7.91083878E-06  -1.47821242E+00   1.12379335E+00   1.05769123E-01   4.18729239E-01   4.28323194E-01
    345000   6.90000000E+03   1.23113990E-06   1.27104812E-01   1.14423738E+00   7.45612257E-02   4.18729239E-01   4.28311522E-01
    346000   6.92000000E+03   1.21977892E-05   2.34759162E+00   1.12290207E+00   7.55788546E-02   4.18729239E-01   4.28300342E-01
    347000   6.94000000E+03   8.65202988E-07  -1.71689531E-01   1.11554303E+00   7.29284998E-02   4.18729239E-01   4.28289093E-01
    348000   6.96000000E+03   1.00114003E-05  -1.88695953E+00   1.09481846E+00   7.01582402E-02   4.18729239E-01   4.28277812E-01
    349000   6.98000000E+03   2.16271376E-06  -3.19924148E-01   1.09654156E+00   8.11874286E-02   4.18729239E-01   4.28266845E-01
    350000   7.00000000E+03   2.76644454E-06   7.51564617E-01   1.11017334E+00   7.26811909E-02   4.18729239E-01   4.28256191E-01
