iteration time L2_div global_div Linf_vel CFL Peclet wall_seconds_per_step
    351000   7.02000000E+03   6.29952856E-06   1.29240554E+00   1.12886131E+00   7.24179962E-02   4.18729239E-01   4.28234025E-01
    352000   7.04000000E+03   4.69121833E-06  -8.23467702E-01   1.15922183E+00   1.03039514E-01   4.18729239E-01   4.27985983E-01
    353000   7.06000000E+03   5.18505542E-06  -9.66493530E-01   1.10875928E+00   7.04869862E-02   4.18729239E-01   4.28084977E-01
    354000   7.08000000E+03   9.53945946E-06   1.89049870E+00   1.12136110E+00   7.25631495E-02   4.18729239E-01   4.27978372E-01
    355000   7.10000000E+03   4.14375401E-06   8.43217729E-01   1.14212268E+00   7.28967216E-02   4.18729239E-01   4.28050393E-01
    356000   7.12000000E+03   6.15646348E-06  -1.10403688E+00   1.12994548E+00   7.22720802E-02   4.18729239E-01   4.27991952E-01
    357000   7.14000000E+03   6.10569415E-06  -1.25973582E+00   1.10565235E+00   8.29268364E-02   4.18729239E-01   4.28042704E-01
    358000   7.16000000E+03   7.14763552E-06   1.31922933E+00   1.09416261E+00   7.22215165E-02   4.18729239E-01   4.28000868E-01
    359000   7.18000000E+03   7.21512519E-06   1.27755651E+00   1.14948881E+00   7.40526256E-02   4.18729239E-01   4.28041160E-01
    360000   7.20000000E+03   3.95761304E-06  -8.34452495E-01   1.10010857E+00   7.32990533E-02   4.18729239E-01   4.28015079E-01
    361000   7.22000000E+03   6.68208968E-06  -1.41794653E+00   1.11593276E+00   7.26530171E-02   4.18729239E-01   4.28049144E-01
    362000   7.24000000E+03   5.45441756E-06   9.45544283E-01   1.12061561E+00   7.31471525E-02   4.18729239E-01   4.28021550E-01
    363000   7.26000000E+03   2.54625183E-06   6.12779944E-01   1.14574827E+00   7.52667443E-02   4.18729239E-01   4.28048443E-01
    364000   7.28000000E+03   4.23485067E-06  -7.82163493E-01   1.09631299E+00   1.19346898E-01   4.18729239E-01   4.28034463E-01
    365000   7.30000000E+03   7.42995459E-07  -6.04779235E-02   1.14243531E+00   7.27112294E-02   4.18729239E-01   4.28056267E-01
    366000   7.32000000E+03   6.20102933E-06   1.16686054E+00   1.13118833E+00   9.42348489E-02   4.18729239E-01   4.28036904E-01
    367000   7.34000000E+03   4.95314329E-06  -7.98293714E-01   1.11972421E+00   7.14542924E-02   4.18729239E-01   4.28057918E-01
    368000   7.36000000E+03   1.44161442E-06  -2.22585966E-01   1.13792179E+00   9.62137080E-02   4.18729239E-01   4.28042912E-01
    369000   7.38000000E+03   6.39926419E-06   1.22824660E+00   1.11378579E+00   7.25854402E-02   4.18729239E-01   4.28064729E-01
    370000   7.40000000E+03   2.80724196E-06   4.94703248E-01   1.11565557E+00   7.79374594E-02   4.18729239E-01   4.28049504E-01
    371000   7.42000000E+03   6.89004551E-06  -1.37506159E+00   1.11498741E+00   7.38681311E-02   4.18729239E-01   4.28064450E-01
    372000   7.44000000E+03   3.33605189E-06  -6.98129517E-01   1.16575325E+00   7.47177489E-02   4.18729239E-01   4.28048956E-01
    373000   7.46000000E+03   3.81064310E-06   7.08589795E-01   1.09199983E+00   7.80417732E-02   4.18729239E-01   4.28064748E-01
    374000   7.48000000E+03   3.16439858E-06   5.58999484E-01   1.10546885E+00   7.27339513E-02   4.18729239E-01   4.28050717E-01
    375000   7.50000000E+03   9.72001699E-06  -2.01423372E+00   1.16031206E+00   7.99958075E-02   4.18729239E-01   4.28064918E-01
    376000   7.52000000E+03   7.13450459E-06  -1.50160755E+00   1.10542585E+00   7.72581122E-02   4.18729239E-01   4.28051475E-01
    377000   7.54000000E+03   2.75542100E-06   5.34059620E-01   1.11602933E+00   7.57540740E-02   4.18729239E-01   4.28067145E-01
    378000   7.56000000E+03   3.18195284E-06   7.81755341E-01   1.10679528E+00   7.10366418E-02   4.18729239E-01   4.28059412E-01
    379000   7.58000000E+03   5.90242310E-06  -1.20804393E+00   1.09866654E+00   8.43730857E-02   4.18729239E-01   4.28074013E-01
    380000   7.60000000E+03   1.36536674E-06  -1.31794107E-01   1.13086863E+00   7.48023697E-02   4.18729239E-01   4.28065164E-01
    381000   7.62000000E+03   9.69128718E-07   3.00123344E-02   1.12560334E+00   1.06994906E-01   4.18729239E-01   4.28075346E-01
    382000   7.64000000E+03   3.93614776E-06  -5.98652730E-01   1.12128107E+00   8.09622523E-02   4.18729239E-01   4.28065857E-01
    383000   7.66000000E+03   2.26126306E-06   4.40886849E-01   1.16854893E+00   7.66024646E-02   4.18729239E-01   4.28075112E-01
    384000   7.68000000E+03   5.12124931E-06   1.02940896E+00   1.18082933E+00   8.13696167E-02   4.18729239E-01   4.28066265E-01
    385000   7.70000000E+03   3.08047826E-06   5.66364834E-01   1.10361436E+00   7.18318868E-02   4.18729239E-01   4.28077328E-01
    386000   7.72000000E+03   9.69962282E-07  -1.99542337E-02   1.10368682E+00   7.11491020E-02   4.18729239E-01   4.28068836E-01
    387000   7.74000000E+03   1.12706425E-06   1.16702930E-01   1.13018816E+00   9.14324922E-02   4.18729239E-01   4.28077834E-01
    388000   7.76000000E+03   2.55563891E-06   3.99926122E-01   1.10208371E+00   8.59545225E-02   4.18729239E-01   4.28070068E-01
    389000   7.78000000E+03   7.27372957E-07   1.04987598E-01   1.13685515E+00   7.10725602E-02   4.18729239E-01   4.28081234E-01
    390000   7.80000000E+03   9.22293180E-07   1.67387720E-01   1.16277317E+00   7.79109200E-02   4.18729239E-01   4.28073803E-01
    391000   7.82000000E+03   8.46684253E-07  -4.24372563E-02   1.13130558E+00   7.19978743E-02   4.18729239E-01   4.28083010E-01
    392000   7.84000000E+03   1.25890499E-06   1.16192883E-01   1.09869668E+00   9.09780989E-02   4.18729239E-01   4.28076953E-01
    393000   7.86000000E+03   2.13373773E-06  -2.17363001E-01   1.11122957E+00   7.32275054E-02   4.18729239E-01   4.28084873E-01
    394000   7.88000000E+03   1.06501043E-06   1.52897227E-01   1.11716838E+00   7.11582906E-02   4.18729239E-01   4.28079072E-01
    395000   7.90000000E+03   6.57323269E-06   1.12428771E+00   1.13956563E+00   7.32625407E-02   4.18729239E-01   4.28086570E-01
    396000   7.92000000E+03   7.45989622E-06  -1.34006621E+00   1.12993108E+00   7.05782940E-02   4.18729239E-01   4.28079978E-01
    397000   7.94000000E+03   8.50406717E-07  -7.50896650E-02   1.11971922E+00   7.19192046E-02   4.18729239E-01   4.28107363E-01
    398000   7.96000000E+03   2.78599521E-06   3.65759568E-01   1.11218693E+00   7.09172686E-02   4.18729239E-01   4.28100955E-01
    399000   7.98000000E+03   1.50484443E-06  -3.36054867E-01   1.11141606E+00   7.08829099E-02   4.18729239E-01   4.28106817E-01
    400000   8.00000000E+03   3.94200043E-06  -9.13938522E-01   1.12409888E+00   7.47225348E-02   4.18729239E-01   4.28530560E-01
    401000   8.02000000E+03   1.38607753E-06   1.37164261E-02   1.11209194E+00   7.48627866E-02   4.18729239E-01   4.28524556E-01
    402000   8.04000000E+03   2.82986479E-06   5.15613613E-01   1.12565598E+00   7.27043448E-02   4.18729239E-01   4.28507622E-01
    403000   8.06000000E+03   3.36832872E-06  -6.17242604E-01   1.10958861E+00   7.30045009E-02   4.18729239E-01   4.28503035E-01
    404000   8.08000000E+03   1.56589391E-06   7.96229080E-04   1.16616676E+00   7.49280440E-02   4.18729239E-01   4.28487806E-01
    405000   8.10000000E+03   4.97846485E-06   9.83188881E-01   1.11345535E+00   7.13976010E-02   4.18729239E-01   4.28484889E-01
    406000   8.12000000E+03   1.90519723E-06  -2.79386846E-01   1.13140015E+00   7.18813038E-02   4.18729239E-01   4.28469990E-01
    407000   8.14000000E+03   1.02678403E-06   1.62726595E-01   1.11537972E+00   7.37101427E-02   4.18729239E-01   4.28469262E-01
    408000   8.16000000E+03   9.63475707E-07   1.43347428E-01   1.08832470E+00   1.10991858E-01   4.18729239E-01   4.28455943E-01
    409000   8.18000000E+03   9.54740918E-07  -1.16084663E-01   1.18447229E+00   7.82548834E-02   4.18729239E-01   4.28453489E-01
    410000   8.20000000E+03   4.23138437E-06  -6.74217648E-01   1.15226046E+00   7.53118831E-02   4.18729239E-01   4.28440207E-01
    411000   8.22000000E+03   1.40291844E-06   1.95435252E-01   1.12483562E+00   8.13287029E-02   4.18729239E-01   4.28438585E-01
    412000   8.24000000E+03   2.68179609E-06   3.83407600E-01   1.13753577E+00   8.58054792E-02   4.18729239E-01   4.28425650E-01
    413000   8.26000000E+03   7.85645352E-07  -5.83746699E-03   1.13074803E+00   7.21807035E-02   4.18729239E-01   4.28422923E-01
    414000   8.28000000E+03   5.69666320E-06   9.59414570E-01   1.12733646E+00   7.16283385E-02   4.18729239E-01   4.28410350E-01
    415000   8.30000000E+03   2.16158901E-06  -3.39632843E-01   1.12680186E+00   7.41975943E-02   4.18729239E-01   4.28409430E-01
    416000   8.32000000E+03   7.68463734E-06  -1.45266414E+00   1.17827175E+00   7.48840922E-02   4.18729239E-01   4.28397611E-01
    417000   8.34000000E+03   5.16047792E-06   9.68244500E-01   1.16806739E+00   7.63174957E-02   4.18729239E-01   4.28394927E-01
    418000   8.36000000E+03   3.71730288E-06   6.63968884E-01   1.13321969E+00   7.71854045E-02   4.18729239E-01   4.28383535E-01
    419000   8.38000000E+03   4.67947361E-06  -7.79953401E-01   1.18721072E+00   7.55373594E-02   4.18729239E-01   4.28382846E-01
    420000   8.40000000E+03   7.05661888E-07  -1.53645592E-02   1.13088874E+00   7.36343024E-02   4.18729239E-01   4.28372727E-01
    421000   8.42000000E+03   8.52008956E-07  -6.68634172E-02   1.12246347E+00   7.18445615E-02   4.18729239E-01   4.28371795E-01
    422000   8.44000000E+03   2.18455450E-06   2.08276934E-01   1.13663470E+00   7.46994040E-02   4.18729239E-01   4.28361054E-01
    423000   8.46000000E+03   4.98052788E-06  -7.90839029E-01   1.21744634E+00   8.13057570E-02   4.18729239E-01   4.28360140E-01
    424000   8.48000000E+03   5.25783036E-06   1.04517666E+00   1.12734453E+00   8.91468486E-02   4.18729239E-01   4.28350308E-01
    425000   8.50000000E+03   6.22784305E-06   1.21429611E+00   1.11997693E+00   7.30397406E-02   4.18729239E-01   4.28349625E-01
    426000   8.52000000E+03   6.27398074E-06  -1.23957801E+00   1.13587540E+00   7.09931319E-02   4.18729239E-01   4.28340320E-01
    427000   8.54000000E+03   9.53924578E-06  -1.99275528E+00   1.09578805E+00   7.36372364E-02   4.18729239E-01   4.28339578E-01
    428000   8.56000000E+03   3.09716639E-06   4.91066034E-01   1.14457588E+00   7.38515303E-02   4.18729239E-01   4.28330396E-01
    429000   8.58000000E+03   9.24035489E-06   1.57288884E+00   1.15916127E+00   8.92575760E-02   4.18729239E-01   4.28329889E-01
    430000   8.60000000E+03   8.09331390E-06  -1.61012243E+00   1.12325218E+00   7.47724104E-02   4.18729239E-01   4.28321141E-01
    431000   8.62000000E+03   1.82575017E-06  -1.43532529E-01   1.11296351E+00   7.43021435E-02   4.18729239E-01   4.28321523E-01
    432000   8.64000000E+03   7.99617022E-06   1.10802549E+00   1.13269132E+00   1.39024693E-01   4.18729239E-01   4.28313521E-01
    433000   8.66000000E+03   4.66347349E-06  -7.58742230E-01   1.11350905E+00   7.18752744E-02   4.18729239E-01   4.28312941E-01
    434000   8.68000000E+03   3.42271276E-06   6.70477246E-01   1.13246471E+00   7.92721720E-02   4.18729239E-01   4.28305457E-01
    435000   8.70000000E+03   8.29974396E-06   1.67437520E+00   1.15365448E+00   7.53514140E-02   4.18729239E-01   4.28305694E-01
    436000   8.72000000E+03   4.65635146E-06  -8.76131149E-01   1.13336208E+00   7.18683445E-02   4.18729239E-01   4.28298457E-01
    437000   8.74000000E+03   1.08622188E-05  -1.97911585E+00   1.11959905E+00   7.34831416E-02   4.18729239E-01   4.28298492E-01
    438000   8.76000000E+03   4.70989703E-06   9.87088247E-01   1.10773239E+00   7.16591697E-02   4.18729239E-01   4.28291959E-01
    439000   8.78000000E+03   7.96728551E-06   1.44511942E+00   1.12466665E+00   7.52042751E-02   4.18729239E-01   4.28292915E-01
    440000   8.80000000E+03   7.50003019E-06  -1.42160549E+00   1.12271892E+00   7.29974738E-02   4.18729239E-01   4.28286560E-01
    441000   8.82000000E+03   3.41402339E-06  -7.75396521E-01   1.13953816E+00   7.46115372E-02   4.18729239E-01   4.28286784E-01
    442000   8.84000000E+03   7.89797427E-06   1.54552421E+00   1.13125379E+00   7.43947882E-02   4.18729239E-01   4.28280815E-01
    443000   8.86000000E+03   1.20653886E-06   2.07875950E-01   1.14058405E+00   7.28532591E-02   4.18729239E-01   4.28281783E-01
    444000   8.88000000E+03   4.23614257E-06  -9.59177707E-01   1.08935422E+00   7.04338257E-02   4.18729239E-01   4.28275858E-01
    445000   8.90000000E+03   4.18170917E-06  -7.61762506E-01   1.09819528E+00   7.08056017E-02   4.18729239E-01   4.28276066E-01
    446000   8.92000000E+03   1.13211680E-06   1.67403522E-01   1.12268003E+00   7.16047554E-02   4.18729239E-01   4.28270352E-01
    447000   8.94000000E+03   1.30867939E-06  -1.21887373E-03   1.11108401E+00   7.10409404E-02   4.18729239E-01   4.28270930E-01
    448000   8.96000000E+03   9.82416510E-06  -1.85716555E+00   1.16012529E+00   7.61414426E-02   4.18729239E-01   4.28265449E-01
    449000   8.98000000E+03   1.20350170E-06   1.33613478E-01   1.11938497E+00   7.23312173E-02   4.18729239E-01   4.28266909E-01
    450000   9.00000000E+03   1.51194722E-06   1.40167989E-01   1.13391308E+00   7.20966346E-02   4.18729239E-01   4.28470774E-01
    451000   9.02000000E+03   5.71738598E-06   1.24477026E+00   1.11175079E+00   9.82193077E-02   4.18729239E-01   4.28468950E-01
    452000   9.04000000E+03   4.59556665E-06  -7.53556658E-01   1.11281843E+00   7.25270073E-02   4.18729239E-01   4.28461777E-01
    453000   9.06000000E+03   3.48455930E-06  -7.20076711E-01   1.11505199E+00   7.11659317E-02   4.18729239E-01   4.28461476E-01
    454000   9.08000000E+03   7.41958448E-06   1.44193778E+00   1.15018859E+00   7.46743790E-02   4.18729239E-01   4.28454159E-01
    455000   9.10000000E+03   1.42860996E-06   2.14368189E-01   1.11127363E+00   7.69761477E-02   4.18729239E-01   4.28453111E-01
    456000   9.12000000E+03   3.72885778E-06  -6.70148093E-01   1.12674934E+00   7.97769605E-02   4.18729239E-01   4.28446300E-01
    457000   9.14000000E+03   2.02404840E-06   4.90902049E-01   1.11584957E+00   7.21251218E-02   4.18729239E-01   4.28446216E-01
    458000   9.16000000E+03   1.07910914E-05   2.02682729E+00   1.10663271E+00   7.19056572E-02   4.18729239E-01   4.28439701E-01
    459000   9.18000000E+03   3.14759637E-06  -5.24812679E-01   1.12797191E+00   7.19220333E-02   4.18729239E-01   4.28439202E-01
    460000   9.20000000E+03   8.80940655E-06  -1.58515486E+00   1.10872973E+00   7.15845879E-02   4.18729239E-01   4.28432951E-01
    461000   9.22000000E+03   8.27484496E-06   1.66372529E+00   1.11634207E+00   7.20075469E-02   4.18729239E-01   4.28432858E-01
    462000   9.24000000E+03   7.22171498E-06   1.40519945E+00   1.12375394E+00   7.21304429E-02   4.18729239E-01   4.28426706E-01
    463000   9.26000000E+03   9.39101656E-06  -1.86656608E+00   1.12258268E+00   7.09888663E-02   4.18729239E-01   4.28426660E-01
    464000   9.28000000E+03   2.67867332E-06   4.38591263E-01   1.12759259E+00   7.64762400E-02   4.18729239E-01   4.28420438E-01
    465000   9.30000000E+03   3.97769529E-06   6.70161346E-01   1.15790991E+00   7.70612423E-02   4.18729239E-01   4.28420248E-01
    466000   9.32000000E+03   6.40984209E-06  -1.11760200E+00   1.10641878E+00   8.39873777E-02   4.18729239E-01   4.28413906E-01
    467000   9.34000000E+03   8.21132830E-07   4.32803280E-02   1.14227419E+00   7.45696282E-02   4.18729239E-01   4.28413221E-01
    468000   9.36000000E+03   7.37798217E-06   1.45005466E+00   1.09866925E+00   7.07476558E-02   4.18729239E-01   4.28407137E-01
    469000   9.38000000E+03   3.38673753E-06  -6.82784049E-01   1.11685458E+00   7.84149950E-02   4.18729239E-01   4.28407026E-01
    470000   9.40000000E+03   6.59190497E-06  -1.26044139E+00   1.12696496E+00   8.02005779E-02   4.18729239E-01   4.28401044E-01
    471000   9.42000000E+03   1.68852227E-06   2.17428799E-01   1.11488123E+00   7.34085109E-02   4.18729239E-01   4.28400290E-01
    472000   9.44000000E+03   6.85240412E-06   1.03871827E+00   1.11527654E+00   7.23526172E-02   4.18729239E-01   4.28394366E-01
    473000   9.46000000E+03   2.69261958E-06  -5.80426940E-01   1.12137843E+00   7.38111467E-02   4.18729239E-01   4.28394221E-01
    474000   9.48000000E+03   6.56038772E-06  -1.28270405E+00   1.11780558E+00   7.19074887E-02   4.18729239E-01   4.28388401E-01
    475000   9.50000000E+03   5.22211982E-06   1.11064017E+00   1.09584322E+00   7.10761640E-02   4.18729239E-01   4.28387982E-01
    476000   9.52000000E+03   9.36225895E-07   6.91696786E-02   1.14463043E+00   7.68871036E-02   4.18729239E-01   4.28382718E-01
    477000   9.54000000E+03   5.79833716E-06  -1.00184105E+00   1.14879534E+00   7.10352031E-02   4.18729239E-01   4.28382538E-01
    478000   9.56000000E+03   4.93663297E-06  -8.83774547E-01   1.13381574E+00   7.33089868E-02   4.18729239E-01   4.28377491E-01
    479000   9.58000000E+03   6.37480194E-06   1.23070124E+00   1.09898270E+00   7.16848211E-02   4.18729239E-01   4.28378085E-01
    480000   9.60000000E+03   2.33041425E-06   5.96035773E-01   1.12971754E+00   7.94335289E-02   4.18729239E-01   4.28373230E-01
    481000   9.62000000E+03   5.86574385E-06  -1.00047871E+00   1.18249426E+00   7.69405224E-02   4.18729239E-01   4.28373047E-01
    482000   9.64000000E+03   1.03265350E-06  -9.19586242E-02   1.11164118E+00   7.95967758E-02   4.18729239E-01   4.28368107E-01
    483000   9.66000000E+03   3.86232934E-06   5.91030052E-01   1.15066573E+00   7.64750530E-02   4.18729239E-01   4.28367787E-01
    484000   9.68000000E+03   3.87477758E-06  -8.41538613E-01   1.11919696E+00   7.26053961E-02   4.18729239E-01   4.28362884E-01
    485000   9.70000000E+03   3.73651567E-06  -7.39858810E-01   1.12720820E+00   7.60430455E-02   4.18729239E-01   4.28362691E-01
    486000   9.72000000E+03   4.99614590E-06   9.57724675E-01   1.10995592E+00   7.38968388E-02   4.18729239E-01   4.28357538E-01
    487000   9.74000000E+03   2.39798746E-06   4.04977098E-01   1.14923768E+00   8.31442540E-02   4.18729239E-01   4.28357133E-01
    488000   9.76000000E+03   1.76710647E-06  -3.37833372E-01   1.12820056E+00   7.21008044E-02   4.18729239E-01   4.28352446E-01
    489000   9.78000000E+03   7.74952216E-07  -9.00666536E-02   1.09851357E+00   7.09097461E-02   4.18729239E-01   4.28352190E-01
    490000   9.80000000E+03   1.92833756E-06   3.32481442E-01   1.14502643E+00   8.39851726E-02   4.18729239E-01   4.28347481E-01
    491000   9.82000000E+03   6.92602866E-07  -6.74918730E-02   1.12581281E+00   7.08374265E-02   4.18729239E-01   4.28347309E-01
    492000   9.84000000E+03   3.99800215E-06  -8.27307862E-01   1.11007993E+00   9.15773537E-02   4.18729239E-01   4.28342993E-01
    493000   9.86000000E+03   3.25555562E-06  -5.05291468E-01   1.10519212E+00   7.08763446E-02   4.18729239E-01   4.28342675E-01
    494000   9.88000000E+03   1.41105034E-06  -3.47859068E-01   1.21074317E+00   7.64592927E-02   4.18729239E-01   4.28337902E-01
    495000   9.90000000E+03   1.39623137E-06  -3.58570655E-01   1.11146633E+00   7.22194742E-02   4.18729239E-01   4.28337637E-01
    496000   9.92000000E+03   3.21740037E-06   3.35836936E-01   1.13297644E+00   7.17003975E-02   4.18729239E-01   4.28333332E-01
    497000   9.94000000E+03   4.71581746E-06  -1.00495539E+00   1.12005850E+00   7.28879803E-02   4.18729239E-01   4.28332941E-01
    498000   9.96000000E+03   8.12457534E-06  -1.58888549E+00   1.10963379E+00   7.42572506E-02   4.18729239E-01   4.28328239E-01
    499000   9.98000000E+03   5.74561513E-06   1.11134758E+00   1.10878027E+00   7.26102990E-02   4.18729239E-01   4.28328352E-01
    500000   1.00000000E+04   7.55149597E-06   1.40733939E+00   1.12344743E+00   7.16075705E-02   4.18729239E-01   4.28464235E-01
    501000   1.00200000E+04   8.27241419E-06  -1.67200170E+00   1.13889826E+00   7.25951316E-02   4.18729239E-01   4.28462426E-01
    502000   1.00400000E+04   2.39883959E-06  -2.35067652E-01   1.09295719E+00   7.08154856E-02   4.18729239E-01   4.28457092E-01
    503000   1.00600000E+04   8.41775057E-06   1.47658153E+00   1.11403437E+00   9.06272161E-02   4.18729239E-01   4.28456241E-01
    504000   1.00800000E+04   2.06377382E-06  -4.25517009E-01   1.12037557E+00   7.27584274E-02   4.18729239E-01   4.28450870E-01
    505000   1.01000000E+04   7.01798636E-06  -1.38515884E+00   1.13587785E+00   7.37199096E-02   4.18729239E-01   4.28450135E-01
    506000   1.01200000E+04   2.34236448E-06   3.15741568E-01   1.13162103E+00   7.94366669E-02   4.18729239E-01   4.28445032E-01
    507000   1.01400000E+04   1.42392215E-06  -3.10412101E-01   1.11385251E+00   7.50914789E-02   4.18729239E-01   4.28444666E-01
    508000   1.01600000E+04   2.60909604E-06  -6.44912825E-01   1.18550064E+00   7.70562239E-02   4.18729239E-01   4.28439743E-01
    509000   1.01800000E+04   7.99498377E-06  -1.33945757E+00   1.14208049E+00   7.18758321E-02   4.18729239E-01   4.28438676E-01
    510000   1.02000000E+04   3.83673052E-06  -8.23601833E-01   1.13340811E+00   7.38728184E-02   4.18729239E-01   4.28433670E-01
    511000   1.02200000E+04   8.22823190E-06   1.51296732E+00   1.11319012E+00   7.11879095E-02   4.18729239E-01   4.28432941E-01
    512000   1.02400000E+04   3.60507318E-06  -8.19833357E-01   1.11113224E+00   7.26384547E-02   4.18729239E-01   4.28428222E-01
    513000   1.02600000E+04   6.39651535E-06  -1.30866585E+00   1.10634960E+00   7.22278576E-02   4.18729239E-01   4.28427544E-01
    514000   1.02800000E+04   2.62623775E-06   5.23271995E-01   1.12607067E+00   7.48901742E-02   4.18729239E-01   4.28422716E-01
    515000   1.03000000E+04   3.73038045E-06   9.10468492E-01   1.12996538E+00   7.34644488E-02   4.18729239E-01   4.28422811E-01
    516000   1.03200000E+04   1.19035786E-06   2.36178938E-01   1.11134218E+00   7.56105074E-02   4.18729239E-01   4.28418288E-01
    517000   1.03400000E+04   5.25301732E-06  -8.32065393E-01   1.10560099E+00   8.40701286E-02   4.18729239E-01   4.28417370E-01
    518000   1.03600000E+04   2.42680190E-06   5.16810714E-01   1.14446510E+00   7.29345174E-02   4.18729239E-01   4.28413123E-01
    519000   1.03800000E+04   9.03962347E-06   1.97391595E+00   1.12024097E+00   7.06786799E-02   4.18729239E-01   4.28412539E-01
    520000   1.04000000E+04   2.12216276E-06  -4.19497776E-01   1.12830774E+00   8.12901384E-02   4.18729239E-01   4.28408267E-01
    521000   1.04200000E+04   5.65325178E-06  -1.09327955E+00   1.09510348E+00   7.05154197E-02   4.18729239E-01   4.28407671E-01
    522000   1.04400000E+04   4.67265887E-06   7.79242970E-01   1.10464553E+00   7.28276140E-02   4.18729239E-01   4.28403236E-01
    523000   1.04600000E+04   4.95083807E-06   8.54138665E-01   1.11603454E+00   7.09693170E-02   4.18729239E-01   4.28403054E-01
    524000   1.04800000E+04   3.35115004E-06  -7.78932283E-01   1.15895518E+00   7.37898873E-02   4.18729239E-01   4.28399049E-01
    525000   1.05000000E+04   4.40753752E-06  -9.10318558E-01   1.13107926E+00   7.26441288E-02   4.18729239E-01   4.28398276E-01
    526000   1.05200000E+04   1.36628721E-06   1.49414662E-01   1.13756959E+00   7.15181602E-02   4.18729239E-01   4.28394001E-01
    527000   1.05400000E+04   2.73499620E-06   5.46522233E-01   1.12764143E+00   8.26365663E-02   4.18729239E-01   4.28394016E-01
    528000   1.05600000E+04   2.55757861E-06  -4.57654346E-01   1.11860298E+00   7.26813262E-02   4.18729239E-01   4.28389807E-01
    529000   1.05800000E+04   6.67648573E-07   6.49883584E-02   1.09619586E+00   7.06393315E-02   4.18729239E-01   4.28389473E-01
    530000   1.06000000E+04   2.38864434E-06   4.66671422E-01   1.09374159E+00   7.09885672E-02   4.18729239E-01   4.28385539E-01
    531000   1.06200000E+04   2.22081253E-06   3.32025319E-01   1.10619678E+00   7.52413232E-02   4.18729239E-01   4.28385009E-01
    532000   1.06400000E+04   2.88597586E-06   7.28028902E-01   1.17569569E+00   7.74695284E-02   4.18729239E-01   4.28380824E-01
    533000   1.06600000E+04   5.69884578E-06  -8.99174634E-01   1.11048852E+00   9.69289059E-02   4.18729239E-01   4.28387115E-01
    534000   1.06800000E+04   1.25153368E-06   1.94488920E-02   1.10055852E+00   7.03065090E-02   4.18729239E-01   4.28383428E-01
    535000   1.07000000E+04   1.40189489E-06   2.95573006E-01   1.11301936E+00   7.43686839E-02   4.18729239E-01   4.28383297E-01
    536000   1.07200000E+04   1.52772545E-06   2.71977969E-01   1.12818089E+00   8.75188390E-02   4.18729239E-01   4.28379406E-01
    537000   1.07400000E+04   2.07091304E-06  -4.34618444E-01   1.13120033E+00   7.17569346E-02   4.18729239E-01   4.28379234E-01
    538000   1.07600000E+04   5.25171167E-06  -1.06402221E+00   1.12217099E+00   7.28324392E-02   4.18729239E-01   4.28375650E-01
    539000   1.07800000E+04   5.96841936E-07  -4.04857971E-02   1.13568270E+00   7.44303135E-02   4.18729239E-01   4.28374964E-01
    540000   1.08000000E+04   3.76173745E-06   6.70493942E-01   1.12861839E+00   7.16499155E-02   4.18729239E-01   4.28373574E-01
    541000   1.08200000E+04   1.87519879E-06   3.99510992E-01   1.12551964E+00   7.39460409E-02   4.18729239E-01   4.28373625E-01
    542000   1.08400000E+04   1.50485324E-06  -3.38460681E-01   1.10878126E+00   7.36883535E-02   4.18729239E-01   4.28370415E-01
    543000   1.08600000E+04   4.89868772E-06   6.93400652E-01   1.11005615E+00   7.01176255E-02   4.18729239E-01   4.28370033E-01
    544000   1.08800000E+04   2.87791802E-06  -3.27037254E-01   1.13880415E+00   7.43147551E-02   4.18729239E-01   4.28366665E-01
    545000   1.09000000E+04   6.54181465E-06  -1.29997215E+00   1.13648783E+00   7.89304366E-02   4.18729239E-01   4.28367518E-01
    546000   1.09200000E+04   1.60110709E-06   1.32302723E-02   1.16792119E+00   8.22429564E-02   4.18729239E-01   4.28364691E-01
    547000   1.09400000E+04   1.98624158E-06  -3.81952276E-01   1.11891389E+00   7.11577335E-02   4.18729239E-01   4.28364871E-01
    548000   1.09600000E+04   3.83072615E-06   6.82791376E-01   1.12621728E+00   9.53807390E-02   4.18729239E-01   4.28361626E-01
    549000   1.09800000E+04   1.06892653E-06  -2.31165553E-01   1.11811779E+00   7.09902835E-02   4.18729239E-01   4.28361967E-01
    550000   1.10000000E+04   5.67026885E-06  -1.17961476E+00   1.15701192E+00   7.28856887E-02   4.18729239E-01   4.28464188E-01
